0.998442,0.988307,1.390946,0.000482,0.000000,0.000000,-0.000007,0.997406,0
0.998917,0.991407,1.226878,0.000250,0.000000,0.000000,0.000000,0.998375,0
0.998919,0.991763,1.202654,0.000337,0.000022,0.000000,0.000000,0.996242,0
0.998636,0.989584,1.301356,0.000383,0.000015,0.000000,0.000000,0.996617,0
0.998725,0.990522,1.311432,0.000412,0.000042,0.000000,0.000000,0.994672,0
0.998831,0.991096,1.223978,0.000261,0.000010,0.000000,0.000000,0.998382,0
0.998846,0.990806,1.276894,0.000317,0.000015,0.000000,0.000000,0.996080,0
0.998526,0.988877,1.373420,0.000404,0.000007,0.000000,0.000000,0.997872,0
0.998978,0.991228,1.265863,0.000175,0.000000,0.000000,-0.000012,0.997901,0
0.999333,0.994430,1.087306,0.000109,0.000033,0.000000,-0.000016,0.997574,0
0.998598,0.987725,1.312588,0.000161,0.000013,0.000000,-0.000050,0.993566,0
0.998820,0.989309,1.449121,0.000177,0.000009,0.000000,-0.000007,0.998966,0
0.999036,0.992095,1.176419,0.000156,0.000000,0.000000,-0.000255,0.995305,0
0.999338,0.994407,1.089345,0.000131,0.000026,0.000000,-0.000020,0.997083,0
0.998883,0.990192,1.298925,0.000183,0.000000,0.000000,-0.000011,0.997243,0
0.999407,0.994930,1.041534,0.000146,0.000034,0.000000,-0.000020,0.996737,0
0.998723,0.988821,1.314874,0.000139,0.000000,0.000000,-0.000017,0.996368,0
0.999116,0.992219,1.150354,0.000077,0.000040,0.000000,-0.000028,0.996181,0
0.999015,0.991443,1.257247,0.000176,0.000004,0.000000,-0.000013,0.998057,0
0.999293,0.994152,1.087660,0.000147,0.000010,0.000000,-0.000047,0.997686,0
0.999554,0.996149,0.947761,0.000154,0.000000,0.000000,-0.000125,0.997084,0
0.999153,0.992855,1.077615,0.000083,0.000000,0.000000,-0.000082,0.994475,0
0.999398,0.994872,1.037325,0.000130,0.000000,0.000000,-0.000085,0.996852,0
0.999244,0.993742,1.116631,0.000143,0.000008,0.000000,-0.000005,0.998390,0
0.999368,0.994630,1.049746,0.000116,0.000000,0.000000,-0.000022,0.996701,0
0.999280,0.994074,1.106434,0.000130,0.000000,0.000000,-0.000020,0.997010,0
0.999335,0.994408,1.100191,0.000108,0.000000,0.000000,-0.000010,0.997962,0
0.999259,0.993797,1.122370,0.000147,0.000023,0.000000,-0.000014,0.997312,0
0.999301,0.994141,1.129874,0.000151,0.000000,0.000000,-0.000017,0.996924,0
0.999448,0.995344,1.042493,0.000093,0.000014,0.000000,-0.000113,0.997485,0
0.999179,0.993159,1.158541,0.000168,0.000000,0.000000,-0.000016,0.997496,0
0.999240,0.993711,1.149495,0.000134,0.000000,0.000000,-0.000012,0.997367,0
0.999441,0.995260,1.032065,0.000096,0.000000,0.000000,0.000000,0.996822,0
0.999249,0.993735,1.153961,0.000164,0.000000,0.000000,-0.000013,0.997168,0
0.999237,0.993648,1.109279,0.000156,0.000000,0.000000,-0.000026,0.996597,0
0.999240,0.993722,1.135770,0.000163,0.000035,0.000000,-0.000019,0.997117,0
0.999424,0.995078,1.049801,0.000131,0.000016,0.000000,-0.000011,0.997966,0
0.999287,0.994045,1.142625,0.000145,0.000003,0.000000,-0.000003,0.998821,0
0.999237,0.993589,1.123398,0.000221,0.000000,0.000000,-0.000015,0.997598,0
0.999067,0.992377,1.157126,0.000277,0.000000,0.000000,0.000000,0.996044,0
0.999178,0.993197,1.111187,0.000239,0.000000,0.000000,0.000000,0.996670,0
0.999005,0.992112,1.231940,0.000283,0.000000,0.000000,0.000000,0.997787,0
0.999141,0.992863,1.156980,0.000214,0.000000,0.000000,-0.000007,0.998273,0
0.999119,0.992915,1.201351,0.000167,0.000006,0.000000,-0.000004,0.999176,0
0.999161,0.993063,1.152856,0.000267,0.000018,0.000000,-0.000012,0.997203,0
0.998886,0.991140,1.291355,0.000290,0.000000,0.000000,-0.000004,0.998500,0
0.999215,0.993428,1.137716,0.000214,0.000000,0.000000,0.000000,0.998342,0
0.999113,0.992684,1.198781,0.000199,0.000024,0.000000,0.000000,0.997218,0
0.999268,0.993824,1.101678,0.000192,0.000018,0.000000,-0.000010,0.998203,0
0.999252,0.993761,1.134012,0.000244,0.000000,0.000000,0.000000,0.997138,0
0.998858,0.991170,1.312369,0.000181,0.000000,0.000000,0.000000,0.998505,1
0.998625,0.989700,1.407988,0.000236,0.000000,0.000000,0.000000,0.998329,1
0.998855,0.990767,1.235541,0.000321,0.000011,0.000000,0.000000,0.996898,1
0.998650,0.989685,1.359809,0.000303,0.000008,0.000000,0.000000,0.997962,1
0.999199,0.993653,1.147008,0.000162,0.000000,0.000000,0.000000,0.998794,1
0.998675,0.989581,1.277185,0.000390,0.000010,0.000000,0.000000,0.999452,1
0.999075,0.992564,1.208737,0.000213,0.000002,0.000000,0.000000,0.998899,1
0.998597,0.989335,1.295558,0.000532,0.000008,0.000000,0.000000,0.998540,1
0.999030,0.992477,1.245276,0.000259,0.000010,0.000000,0.000000,0.999663,1
0.998818,0.990751,1.298278,0.000352,0.000004,0.000000,0.000000,0.997672,1
0.998628,0.989444,1.379012,0.000249,0.000000,0.000000,0.000000,0.998296,1
0.998660,0.989393,1.307349,0.000304,0.000018,0.000000,0.000000,0.997806,1
0.998787,0.990336,1.261859,0.000367,0.000000,0.000000,0.000000,0.996357,1
0.998872,0.991085,1.289473,0.000241,0.000004,0.000000,0.000000,0.999152,1
0.998827,0.991083,1.355628,0.000160,0.000000,0.000000,0.000000,0.998439,1
0.998909,0.991252,1.217219,0.000511,0.000000,0.000000,0.000000,0.998124,1
0.998890,0.991210,1.239650,0.000359,0.000005,0.000000,0.000000,0.998221,1
0.999134,0.992984,1.169517,0.000205,0.000008,0.000000,0.000000,0.998654,1
0.999167,0.993174,1.142153,0.000189,0.000006,0.000000,0.000000,0.999033,1
0.998978,0.991944,1.207578,0.000228,0.000000,0.000000,0.000000,0.996528,1
0.998790,0.990412,1.298053,0.000328,0.000007,0.000000,0.000000,0.998995,1
0.998954,0.991902,1.272186,0.000197,0.000000,0.000000,0.000000,0.998791,1
0.999044,0.992357,1.212149,0.000256,0.000002,0.000000,0.000000,0.999057,1
0.999320,0.994464,1.082003,0.000150,0.000005,0.000000,-0.000005,0.999262,1
0.998894,0.991324,1.266557,0.000373,0.000003,0.000000,0.000000,0.997231,1
0.999141,0.992967,1.154572,0.000172,0.000007,0.000000,0.000000,0.999040,1
0.999041,0.992137,1.195930,0.000335,0.000000,0.000000,0.000000,0.997482,1
0.999036,0.992213,1.179730,0.000248,0.000017,0.000000,0.000000,0.997717,1
0.998815,0.990449,1.222707,0.000347,0.000012,0.000000,0.000000,0.996821,1
0.999068,0.992564,1.198783,0.000333,0.000000,0.000000,0.000000,0.997850,1
0.998962,0.992134,1.314062,0.000256,0.000005,0.000000,0.000000,0.999202,1
0.998934,0.991549,1.289936,0.000213,0.000005,0.000000,0.000000,0.999020,1
0.998835,0.990833,1.262056,0.000381,0.000000,0.000000,0.000000,0.997742,1
0.998964,0.991777,1.204979,0.000281,0.000000,0.000000,-0.000006,0.998912,1
0.999010,0.992134,1.238132,0.000281,0.000000,0.000000,0.000000,0.998218,1
0.998975,0.991907,1.277466,0.000217,0.000002,0.000000,0.000000,0.998885,1
0.999023,0.992326,1.225951,0.000239,0.000005,0.000000,0.000000,0.998932,1
0.999054,0.992486,1.184375,0.000332,0.000000,0.000000,-0.000015,0.997535,1
0.998844,0.991261,1.223407,0.000407,0.000004,0.000000,0.000000,0.998716,1
0.998153,0.986757,1.456175,0.000440,0.000000,0.000000,0.000000,0.997141,1
0.998127,0.986820,1.489279,0.000506,0.000000,0.000000,0.000000,0.997913,1
0.998929,0.991857,1.230140,0.000326,0.000009,0.000000,0.000000,0.996967,1
0.998818,0.991158,1.290027,0.000362,0.000000,0.000000,0.000000,0.997160,1
0.997962,0.986096,1.510408,0.000472,0.000003,0.000000,0.000000,0.998059,1
0.998691,0.990119,1.320813,0.000291,0.000032,0.000000,0.000000,0.995386,1
0.998888,0.991523,1.266845,0.000354,0.000000,0.000000,0.000000,0.997800,1
0.999179,0.993256,1.121670,0.000194,0.000000,0.000000,0.000000,0.998984,1
0.998807,0.990549,1.229359,0.000367,0.000000,0.000000,0.000000,0.997582,1
0.998380,0.987667,1.371369,0.000519,0.000001,0.000000,0.000000,0.998360,1
0.998448,0.988352,1.379059,0.000505,0.000000,0.000000,0.000000,0.995008,1
0.999158,0.993229,1.194849,0.000186,0.000009,0.000000,0.000000,0.998376,2
0.999183,0.993420,1.191655,0.000150,0.000011,0.000000,0.000000,0.998927,2
0.999030,0.992246,1.266506,0.000225,0.000006,0.000000,0.000000,0.998460,2
0.998765,0.990349,1.340697,0.000314,0.000007,0.000000,0.000000,0.997767,2
0.999186,0.993380,1.172957,0.000182,0.000000,0.000000,0.000000,0.998659,2
0.998774,0.990273,1.308933,0.000361,0.000000,0.000000,-0.000003,0.999177,2
0.999063,0.992411,1.196960,0.000202,0.000000,0.000000,0.000000,0.999107,2
0.999137,0.992959,1.151176,0.000202,0.000000,0.000000,0.000000,0.998513,2
0.999314,0.994358,1.092160,0.000145,0.000018,0.000000,0.000000,0.998078,2
0.999237,0.993898,1.144736,0.000165,0.000006,0.000000,0.000000,0.998781,2
0.998869,0.990959,1.273445,0.000282,0.000007,0.000000,0.000000,0.999335,2
0.999179,0.993750,1.206753,0.000172,0.000016,0.000000,0.000000,0.998226,2
0.999195,0.993551,1.214184,0.000129,0.000010,0.000000,0.000000,0.998468,2
0.999225,0.993789,1.186746,0.000170,0.000005,0.000000,0.000000,0.998995,2
0.999324,0.994414,1.046021,0.000179,0.000000,0.000000,0.000000,0.998650,2
0.998634,0.989310,1.344037,0.000334,0.000008,0.000000,0.000000,0.999063,2
0.999228,0.993650,1.138496,0.000182,0.000010,0.000000,0.000000,0.998748,2
0.998892,0.990786,1.179736,0.000359,0.000025,0.000000,0.000000,0.997383,2
0.999167,0.993157,1.182455,0.000206,0.000008,0.000000,0.000000,0.998842,2
0.999035,0.992155,1.195386,0.000217,0.000012,0.000000,0.000000,0.999341,2
0.999084,0.992496,1.196247,0.000238,0.000006,0.000000,0.000000,0.998875,2
0.999052,0.992274,1.222692,0.000205,0.000012,0.000000,0.000000,0.997676,2
0.999206,0.993434,1.135261,0.000173,0.000008,0.000000,0.000000,0.998184,2
0.998832,0.990678,1.286372,0.000275,0.000000,0.000000,0.000000,0.996992,2
0.999097,0.992606,1.173464,0.000218,0.000000,0.000000,0.000000,0.998938,2
0.999083,0.992608,1.237440,0.000288,0.000000,0.000000,0.000000,0.998349,2
0.998950,0.991598,1.236781,0.000292,0.000004,0.000000,0.000000,0.998877,2
0.999159,0.993216,1.212281,0.000195,0.000009,0.000000,0.000000,0.998356,2
0.998945,0.991490,1.224618,0.000226,0.000019,0.000000,0.000000,0.998665,2
0.999148,0.993038,1.129787,0.000213,0.000000,0.000000,0.000000,0.998954,2
0.999049,0.992163,1.187802,0.000266,0.000017,0.000000,0.000000,0.996735,2
0.999243,0.993668,1.132316,0.000163,0.000024,0.000000,0.000000,0.997704,2
0.999282,0.994035,1.114082,0.000212,0.000000,0.000000,0.000000,0.998449,2
0.998952,0.991582,1.255032,0.000231,0.000010,0.000000,0.000000,0.998590,2
0.998990,0.991996,1.253126,0.000226,0.000006,0.000000,-0.000005,0.998945,2
0.999112,0.992674,1.194633,0.000159,0.000011,0.000000,0.000000,0.998617,2
0.998949,0.991494,1.264265,0.000197,0.000000,0.000000,0.000000,0.998957,2
0.998910,0.991474,1.270465,0.000259,0.000003,0.000000,0.000000,0.999439,2
0.999069,0.992547,1.195662,0.000238,0.000000,0.000000,0.000000,0.997918,2
0.998947,0.991726,1.273627,0.000290,0.000016,0.000000,0.000000,0.997558,2
0.998953,0.991459,1.218371,0.000297,0.000009,0.000000,0.000000,0.997485,2
0.999096,0.992644,1.182823,0.000181,0.000000,0.000000,-0.000004,0.999450,2
0.998970,0.991650,1.239675,0.000231,0.000004,0.000000,0.000000,0.999229,2
0.998647,0.989273,1.323491,0.000465,0.000003,0.000000,0.000000,0.997101,2
0.999215,0.993632,1.146454,0.000209,0.000012,0.000000,-0.000008,0.999025,2
0.999096,0.992621,1.147160,0.000269,0.000004,0.000000,0.000000,0.998794,2
0.998937,0.991370,1.230984,0.000277,0.000000,0.000000,0.000000,0.998396,2
0.998960,0.991828,1.241268,0.000277,0.000000,0.000000,0.000000,0.998366,2
0.998737,0.990166,1.342634,0.000306,0.000010,0.000000,0.000000,0.999437,2
0.999030,0.992278,1.259353,0.000245,0.000003,0.000000,0.000000,0.999157,2
0.998814,0.991509,1.444069,0.000149,0.000003,0.000000,0.000000,0.999360,3
0.998833,0.990973,1.273278,0.000371,0.000000,0.000000,0.000000,0.996383,3
0.998960,0.992039,1.229449,0.000348,0.000000,0.000000,0.000000,0.997268,3
0.998676,0.990240,1.352834,0.000341,0.000000,0.000000,0.000000,0.995790,3
0.999126,0.993501,1.179450,0.000170,0.000017,0.000000,0.000000,0.998119,3
0.998978,0.992191,1.266938,0.000277,0.000000,0.000000,0.000000,0.997768,3
0.998375,0.988180,1.449699,0.000394,0.000000,0.000000,0.000000,0.999211,3
0.998878,0.991468,1.277581,0.000387,0.000009,0.000000,0.000000,0.996271,3
0.999173,0.993767,1.184250,0.000198,0.000008,0.000000,0.000000,0.998709,3
0.998742,0.990761,1.304135,0.000380,0.000000,0.000000,0.000000,0.997155,3
0.999054,0.992777,1.169997,0.000249,0.000017,0.000000,0.000000,0.998179,3
0.998803,0.990793,1.315275,0.000303,0.000000,0.000000,0.000000,0.997921,3
0.998847,0.990780,1.247021,0.000307,0.000000,0.000000,0.000000,0.996626,3
0.998836,0.990940,1.324228,0.000254,0.000006,0.000000,0.000000,0.998484,3
0.999037,0.992330,1.237632,0.000335,0.000000,0.000000,0.000000,0.996723,3
0.998912,0.991692,1.345960,0.000214,0.000000,0.000000,0.000000,0.997847,3
0.998677,0.989757,1.331920,0.000337,0.000005,0.000000,0.000000,0.997737,3
0.998808,0.990587,1.292675,0.000296,0.000000,0.000000,0.000000,0.997864,3
0.998758,0.990299,1.299596,0.000409,0.000003,0.000000,0.000000,0.997443,3
0.998448,0.988520,1.372535,0.000337,0.000000,0.000000,0.000000,0.997790,3
0.998909,0.991203,1.187280,0.000351,0.000056,0.000000,0.000000,0.996506,3
0.998816,0.990915,1.319011,0.000179,0.000029,0.000000,0.000000,0.997426,3
0.998954,0.991659,1.201218,0.000289,0.000000,0.000000,0.000000,0.996601,3
0.998566,0.989231,1.368344,0.000290,0.000018,0.000000,0.000000,0.997812,3
0.998421,0.988247,1.395005,0.000330,0.000000,0.000000,0.000000,0.997746,3
0.998953,0.991915,1.272420,0.000341,0.000009,0.000000,0.000000,0.997128,3
0.998779,0.990583,1.311333,0.000388,0.000008,0.000000,0.000000,0.997120,3
0.998923,0.991610,1.253935,0.000306,0.000007,0.000000,0.000000,0.998320,3
0.999066,0.992739,1.195329,0.000283,0.000017,0.000000,0.000000,0.996550,3
0.999236,0.994057,1.179668,0.000121,0.000000,0.000000,0.000000,0.997674,3
0.999297,0.994521,1.131862,0.000197,0.000010,0.000000,0.000000,0.998913,3
0.999273,0.994365,1.108917,0.000188,0.000022,0.000000,0.000000,0.999018,3
0.998641,0.989686,1.369884,0.000339,0.000006,0.000000,0.000000,0.998795,3
0.999101,0.992928,1.198187,0.000294,0.000011,0.000000,0.000000,0.997697,3
0.998976,0.992048,1.262716,0.000275,0.000022,0.000000,0.000000,0.997031,3
0.999139,0.993114,1.200094,0.000170,0.000010,0.000000,0.000000,0.998063,3
0.998178,0.986571,1.426519,0.000478,0.000010,0.000000,0.000000,0.997837,3
0.998728,0.990466,1.364244,0.000298,0.000000,0.000000,0.000000,0.997899,3
0.999042,0.992465,1.230043,0.000236,0.000000,0.000000,0.000000,0.997563,3
0.999184,0.993575,1.193159,0.000210,0.000014,0.000000,0.000000,0.997833,3
0.999160,0.993593,1.149557,0.000212,0.000000,0.000000,-0.000014,0.998278,3
0.999149,0.993326,1.170048,0.000244,0.000000,0.000000,0.000000,0.998263,3
0.999259,0.994228,1.162666,0.000153,0.000013,0.000000,0.000000,0.998793,3
0.999100,0.992954,1.234754,0.000200,0.000007,0.000000,0.000000,0.998504,3
0.999112,0.993120,1.164439,0.000218,0.000000,0.000000,0.000000,0.998050,3
0.999196,0.993464,1.102646,0.000212,0.000009,0.000000,0.000000,0.998729,3
0.998737,0.990264,1.318148,0.000304,0.000019,0.000000,0.000000,0.998753,3
0.998811,0.990702,1.278705,0.000328,0.000000,0.000000,0.000000,0.998362,3
0.999113,0.992925,1.213323,0.000189,0.000000,0.000000,0.000000,0.999229,3
0.999088,0.992824,1.197357,0.000258,0.000000,0.000000,0.000000,0.997419,3
0.998381,0.988006,1.425097,0.000461,0.000015,0.000000,0.000000,0.996289,4
0.998991,0.992192,1.228890,0.000316,0.000013,0.000000,0.000000,0.995801,4
0.999261,0.994198,1.101771,0.000148,0.000000,0.000000,-0.000016,0.998336,4
0.998961,0.991848,1.239619,0.000248,0.000008,0.000000,0.000000,0.998848,4
0.999117,0.993168,1.185027,0.000224,0.000000,0.000000,0.000000,0.997914,4
0.998532,0.989061,1.368915,0.000340,0.000000,0.000000,0.000000,0.999621,4
0.998815,0.991020,1.306513,0.000317,0.000000,0.000000,0.000000,0.997831,4
0.998769,0.990855,1.403067,0.000176,0.000000,0.000000,0.000000,0.998342,4
0.998206,0.986697,1.406628,0.000564,0.000000,0.000000,0.000000,0.995889,4
0.998858,0.991224,1.294402,0.000322,0.000004,0.000000,0.000000,0.998588,4
0.998956,0.992016,1.250802,0.000238,0.000000,0.000000,0.000000,0.998273,4
0.999016,0.992487,1.219322,0.000230,0.000000,0.000000,0.000000,0.998339,4
0.998775,0.990747,1.331661,0.000290,0.000000,0.000000,0.000000,0.997559,4
0.998858,0.991309,1.284506,0.000266,0.000000,0.000000,0.000000,0.998325,4
0.998827,0.990820,1.281824,0.000300,0.000000,0.000000,0.000000,0.998155,4
0.998722,0.990101,1.300852,0.000353,0.000004,0.000000,0.000000,0.998458,4
0.998303,0.987775,1.434083,0.000343,0.000004,0.000000,0.000000,0.998282,4
0.998797,0.990952,1.276095,0.000387,0.000011,0.000000,0.000000,0.997897,4
0.998580,0.989339,1.369428,0.000339,0.000000,0.000000,0.000000,0.998678,4
0.998671,0.989982,1.372007,0.000328,0.000007,0.000000,0.000000,0.998469,4
0.998545,0.989530,1.410246,0.000177,0.000000,0.000000,0.000000,0.998092,4
0.998724,0.990232,1.327296,0.000284,0.000000,0.000000,0.000000,0.999441,4
0.998948,0.992102,1.304299,0.000235,0.000000,0.000000,0.000000,0.999430,4
0.998425,0.988396,1.416664,0.000329,0.000003,0.000000,0.000000,0.996673,4
0.998933,0.991693,1.309485,0.000285,0.000005,0.000000,0.000000,0.997037,4
0.998782,0.990638,1.284796,0.000228,0.000031,0.000000,0.000000,0.997096,4
0.998597,0.989533,1.340995,0.000335,0.000000,0.000000,0.000000,0.997284,4
0.999156,0.993158,1.164175,0.000194,0.000000,0.000000,0.000000,0.998776,4
0.998666,0.989927,1.338113,0.000283,0.000000,0.000000,0.000000,0.998844,4
0.998894,0.991416,1.262357,0.000261,0.000027,0.000000,0.000000,0.997028,4
0.999181,0.993481,1.114214,0.000183,0.000036,0.000000,-0.000024,0.997205,4
0.998938,0.991770,1.248554,0.000210,0.000036,0.000000,0.000000,0.998054,4
0.998288,0.987722,1.378100,0.000378,0.000000,0.000000,0.000000,0.997069,4
0.998363,0.988172,1.399089,0.000252,0.000011,0.000000,0.000000,0.996088,4
0.998819,0.991102,1.297495,0.000236,0.000000,0.000000,0.000000,0.997726,4
0.998843,0.991332,1.270160,0.000326,0.000000,0.000000,0.000000,0.998011,4
0.998681,0.989892,1.317126,0.000397,0.000027,0.000000,0.000000,0.997094,4
0.998850,0.991049,1.311339,0.000288,0.000000,0.000000,0.000000,0.996664,4
0.998467,0.988800,1.392848,0.000411,0.000002,0.000000,-0.000003,0.998697,4
0.998968,0.992301,1.241398,0.000217,0.000000,0.000000,0.000000,0.997769,4
0.998781,0.990551,1.303085,0.000366,0.000024,0.000000,0.000000,0.995568,4
0.998795,0.990910,1.319921,0.000325,0.000011,0.000000,0.000000,0.996970,4
0.999032,0.992786,1.264648,0.000207,0.000000,0.000000,0.000000,0.997851,4
0.998786,0.990787,1.347263,0.000252,0.000000,0.000000,0.000000,0.998577,4
0.998710,0.990023,1.324259,0.000295,0.000012,0.000000,0.000000,0.997775,4
0.998756,0.990509,1.310604,0.000308,0.000000,0.000000,0.000000,0.998147,4
0.999099,0.992917,1.196903,0.000210,0.000000,0.000000,0.000000,0.998079,4
0.999353,0.994878,1.060820,0.000110,0.000024,0.000000,-0.000014,0.997865,4
0.999231,0.993870,1.092837,0.000147,0.000000,0.000000,0.000000,0.998520,4
0.998728,0.990262,1.288586,0.000336,0.000000,0.000000,-0.000024,0.995538,4
0.998829,0.991385,1.349050,0.000103,0.000041,0.000000,0.000000,0.995100,5
0.998858,0.991167,1.323379,0.000285,0.000008,0.000000,0.000000,0.997168,5
0.998994,0.992360,1.393154,0.000143,0.000000,0.000000,0.000000,0.998923,5
0.999034,0.992293,1.290031,0.000200,0.000008,0.000000,-0.000004,0.998481,5
0.998744,0.990235,1.358370,0.000214,0.000006,0.000000,0.000000,0.997662,5
0.999139,0.993101,1.263735,0.000165,0.000005,0.000000,-0.000002,0.998849,5
0.999158,0.993160,1.225730,0.000210,0.000000,0.000000,0.000000,0.997618,5
0.999333,0.994549,1.167494,0.000141,0.000025,0.000000,0.000000,0.996591,5
0.999000,0.991839,1.231973,0.000303,0.000000,0.000000,0.000000,0.996941,5
0.999105,0.992749,1.249764,0.000175,0.000000,0.000000,0.000000,0.997555,5
0.998778,0.990429,1.354019,0.000207,0.000007,0.000000,0.000000,0.997118,5
0.999139,0.993174,1.261736,0.000186,0.000000,0.000000,-0.000004,0.998942,5
0.998886,0.991139,1.311810,0.000262,0.000008,0.000000,0.000000,0.997961,5
0.998962,0.991594,1.258532,0.000333,0.000000,0.000000,0.000000,0.996712,5
0.999171,0.993269,1.200042,0.000224,0.000000,0.000000,-0.000004,0.998737,5
0.998943,0.991666,1.324345,0.000245,0.000003,0.000000,0.000000,0.999309,5
0.998768,0.990780,1.398095,0.000162,0.000000,0.000000,0.000000,0.998748,5
0.998903,0.991477,1.361966,0.000184,0.000010,0.000000,0.000000,0.997747,5
0.999211,0.993596,1.203812,0.000181,0.000008,0.000000,0.000000,0.998026,5
0.998890,0.991232,1.322566,0.000230,0.000005,0.000000,0.000000,0.999016,5
0.999164,0.993104,1.173487,0.000166,0.000000,0.000000,0.000000,0.999042,5
0.999026,0.992273,1.256029,0.000218,0.000000,0.000000,-0.000006,0.998665,5
0.998914,0.991313,1.299408,0.000248,0.000002,0.000000,0.000000,0.998436,5
0.998802,0.991162,1.339190,0.000124,0.000000,0.000000,0.000000,0.997394,5
0.999253,0.993788,1.147047,0.000182,0.000005,0.000000,0.000000,0.998696,5
0.999147,0.992981,1.193739,0.000221,0.000004,0.000000,0.000000,0.998351,5
0.999113,0.992718,1.201248,0.000219,0.000005,0.000000,0.000000,0.998416,5
0.999229,0.993613,1.165978,0.000143,0.000000,0.000000,0.000000,0.999222,5
0.999064,0.992357,1.224512,0.000192,0.000006,0.000000,0.000000,0.998685,5
0.999056,0.992492,1.309413,0.000176,0.000004,0.000000,0.000000,0.999207,5
0.999029,0.991964,1.194723,0.000268,0.000003,0.000000,0.000000,0.998611,5
0.999243,0.993745,1.151164,0.000192,0.000006,0.000000,0.000000,0.998547,5
0.998959,0.991701,1.288153,0.000264,0.000009,0.000000,0.000000,0.997825,5
0.999107,0.992744,1.229784,0.000222,0.000000,0.000000,0.000000,0.998611,5
0.999136,0.992917,1.205880,0.000255,0.000000,0.000000,-0.000004,0.999073,5
0.998999,0.991833,1.247018,0.000219,0.000004,0.000000,0.000000,0.999614,5
0.999215,0.993550,1.187059,0.000151,0.000000,0.000000,0.000000,0.998843,5
0.999027,0.992161,1.271235,0.000224,0.000000,0.000000,0.000000,0.998144,5
0.999108,0.992990,1.246694,0.000228,0.000000,0.000000,-0.000013,0.998022,5
0.998960,0.992029,1.387353,0.000118,0.000013,0.000000,0.000000,0.998167,5
0.998879,0.991014,1.303765,0.000222,0.000000,0.000000,0.000000,0.998221,5
0.999098,0.992698,1.253348,0.000195,0.000010,0.000000,0.000000,0.998320,5
0.998988,0.991763,1.248237,0.000266,0.000003,0.000000,0.000000,0.999132,5
0.998929,0.991540,1.327641,0.000210,0.000005,0.000000,0.000000,0.998882,5
0.998956,0.991904,1.365631,0.000170,0.000008,0.000000,0.000000,0.998303,5
0.999189,0.993262,1.180800,0.000150,0.000000,0.000000,0.000000,0.999789,5
0.998925,0.991766,1.323957,0.000133,0.000006,0.000000,0.000000,0.998568,5
0.999049,0.992475,1.274293,0.000124,0.000000,0.000000,0.000000,0.997591,5
0.999147,0.993013,1.219856,0.000128,0.000000,0.000000,0.000000,0.999652,5
0.999062,0.992288,1.216624,0.000193,0.000000,0.000000,0.000000,0.998576,5
0.999005,0.991982,1.241179,0.000234,0.000002,0.000000,-0.000002,0.998699,6
0.999025,0.992276,1.229237,0.000258,0.000000,0.000000,0.000000,0.998764,6
0.999118,0.993237,1.226187,0.000261,0.000000,0.000000,-0.000011,0.996961,6
0.999106,0.992892,1.228005,0.000249,0.000000,0.000000,-0.000008,0.998454,6
0.998985,0.991781,1.238608,0.000288,0.000006,0.000000,0.000000,0.997544,6
0.998974,0.991723,1.246499,0.000200,0.000006,0.000000,0.000000,0.998712,6
0.999031,0.992153,1.232031,0.000212,0.000004,0.000000,0.000000,0.998487,6
0.998922,0.991663,1.280001,0.000277,0.000006,0.000000,-0.000006,0.998025,6
0.999199,0.993443,1.197007,0.000155,0.000004,0.000000,0.000000,0.999026,6
0.999019,0.992227,1.205169,0.000260,0.000000,0.000000,0.000000,0.998141,6
0.999043,0.992438,1.276376,0.000191,0.000000,0.000000,-0.000003,0.998861,6
0.999015,0.992050,1.265670,0.000199,0.000000,0.000000,0.000000,0.998526,6
0.998743,0.990430,1.339417,0.000289,0.000000,0.000000,0.000000,0.999096,6
0.998655,0.989678,1.386082,0.000237,0.000003,0.000000,0.000000,0.998464,6
0.999014,0.992367,1.268413,0.000202,0.000000,0.000000,0.000000,0.999294,6
0.998971,0.991818,1.294729,0.000220,0.000007,0.000000,-0.000004,0.998439,6
0.998911,0.991348,1.298197,0.000245,0.000006,0.000000,0.000000,0.997364,6
0.998890,0.991494,1.297107,0.000283,0.000009,0.000000,0.000000,0.997497,6
0.998804,0.990687,1.342174,0.000274,0.000000,0.000000,0.000000,0.998357,6
0.999114,0.992956,1.256795,0.000202,0.000000,0.000000,0.000000,0.998317,6
0.998772,0.990404,1.324552,0.000344,0.000000,0.000000,0.000000,0.997835,6
0.998921,0.991748,1.280000,0.000244,0.000000,0.000000,0.000000,0.998700,6
0.998954,0.991690,1.264603,0.000306,0.000008,0.000000,-0.000007,0.998525,6
0.998683,0.989803,1.367932,0.000323,0.000000,0.000000,0.000000,0.998876,6
0.998987,0.991887,1.235642,0.000291,0.000009,0.000000,0.000000,0.997115,6
0.998466,0.988609,1.380594,0.000474,0.000005,0.000000,0.000000,0.997460,6
0.998932,0.991489,1.268449,0.000307,0.000000,0.000000,0.000000,0.998472,6
0.999031,0.992279,1.276879,0.000224,0.000000,0.000000,0.000000,0.998758,6
0.998773,0.990436,1.304836,0.000377,0.000006,0.000000,0.000000,0.998248,6
0.999060,0.992510,1.257472,0.000325,0.000000,0.000000,0.000000,0.997728,6
0.998682,0.989949,1.375266,0.000322,0.000000,0.000000,0.000000,0.999318,6
0.998708,0.989798,1.341095,0.000416,0.000002,0.000000,0.000000,0.997616,6
0.998747,0.990223,1.295133,0.000395,0.000006,0.000000,-0.000011,0.997438,6
0.999138,0.993189,1.249851,0.000169,0.000006,0.000000,0.000000,0.999172,6
0.998929,0.991533,1.313928,0.000257,0.000000,0.000000,-0.000005,0.997718,6
0.999118,0.992950,1.224257,0.000283,0.000000,0.000000,0.000000,0.998416,6
0.998809,0.991063,1.397916,0.000245,0.000004,0.000000,0.000000,0.999454,6
0.999172,0.993488,1.253899,0.000205,0.000005,0.000000,-0.000005,0.998202,6
0.999116,0.993137,1.256050,0.000207,0.000000,0.000000,-0.000004,0.998857,6
0.998602,0.989564,1.422541,0.000311,0.000000,0.000000,0.000000,0.999020,6
0.998941,0.991846,1.340216,0.000225,0.000004,0.000000,0.000000,0.998930,6
0.999120,0.993092,1.251100,0.000252,0.000000,0.000000,0.000000,0.998456,6
0.998646,0.990130,1.436842,0.000241,0.000000,0.000000,-0.000005,0.997864,6
0.998919,0.991752,1.363217,0.000227,0.000007,0.000000,-0.000004,0.998597,6
0.998150,0.987993,1.473079,0.000149,0.000003,0.000000,-0.000083,0.990362,6
0.998529,0.989869,1.497920,0.000202,0.000014,0.000000,-0.000010,0.996112,6
0.998482,0.990035,1.455234,0.000178,0.000002,0.000000,-0.000002,0.999020,6
0.998156,0.988530,1.412382,0.000174,0.000007,0.000000,-0.000017,0.995471,6
0.998444,0.989269,1.484083,0.000265,0.000004,0.000000,-0.000006,0.997613,6
0.998635,0.990098,1.460408,0.000229,0.000006,0.000000,-0.000007,0.996915,6
