RESULTADO GERAL DAS MÉTRICAS POR CLASSE E RESOLUÇÕES : GLCM - ACURÁCIA E DESVIO PADRÃO (2 RODADAS | RESOLUÇÃO DE 70 ATÉ 99%)

       |     70%     |     71%     |     72%     |     73%     |     74%     |     75%     |     76%     |     77%     |     78%     |     79%     |     80%     |     81%     |     82%     |     83%     |     84%     |     85%     |     86%     |     87%     |     88%     |     89%     |     90%     |     91%     |     92%     |     93%     |     94%     |     95%     |     96%     |     97%     |     98%     |     99%     
CLASSE |   ACC|STD   |   ACC|STD   |   ACC|STD   |   ACC|STD   |   ACC|STD   |   ACC|STD   |   ACC|STD   |   ACC|STD   |   ACC|STD   |   ACC|STD   |   ACC|STD   |   ACC|STD   |   ACC|STD   |   ACC|STD   |   ACC|STD   |   ACC|STD   |   ACC|STD   |   ACC|STD   |   ACC|STD   |   ACC|STD   |   ACC|STD   |   ACC|STD   |   ACC|STD   |   ACC|STD   |   ACC|STD   |   ACC|STD   |   ACC|STD   |   ACC|STD   |   ACC|STD   |   ACC|STD   
  1      0.846|0.109   0.962|0.054   0.846|0.000   0.885|0.054   0.769|0.109   0.692|0.000   0.808|0.054   0.962|0.054   0.808|0.054   0.808|0.163   0.846|0.109   0.885|0.054   0.577|0.272   0.846|0.109   0.885|0.054   0.731|0.054   0.769|0.218   0.846|0.000   0.846|0.109   0.731|0.054   0.846|0.109   0.846|0.000   0.846|0.000   0.769|0.218   0.808|0.163   0.846|0.109   0.808|0.054   0.808|0.163   0.885|0.054   0.731|0.163
  2      0.692|0.109   0.846|0.000   0.769|0.000   0.846|0.000   0.846|0.109   0.769|0.109   0.808|0.054   0.731|0.163   0.846|0.218   0.731|0.054   0.731|0.163   0.769|0.218   0.808|0.054   0.846|0.109   0.846|0.000   0.654|0.163   0.885|0.054   0.769|0.000   0.923|0.109   0.577|0.163   0.500|0.054   0.731|0.054   0.654|0.163   0.808|0.163   0.731|0.163   0.846|0.109   0.923|0.000   0.769|0.000   0.731|0.054   0.731|0.163
  3      0.654|0.163   0.385|0.000   0.500|0.272   0.346|0.054   0.615|0.218   0.269|0.163   0.615|0.109   0.500|0.163   0.615|0.109   0.308|0.000   0.308|0.109   0.423|0.163   0.346|0.054   0.615|0.000   0.462|0.109   0.385|0.218   0.500|0.163   0.423|0.163   0.346|0.163   0.538|0.109   0.462|0.109   0.500|0.163   0.346|0.054   0.346|0.054   0.577|0.163   0.308|0.000   0.462|0.000   0.577|0.054   0.385|0.000   0.346|0.054
  4      0.385|0.000   0.500|0.163   0.462|0.000   0.500|0.163   0.538|0.218   0.462|0.435   0.462|0.000   0.423|0.054   0.538|0.218   0.500|0.163   0.385|0.000   0.500|0.054   0.500|0.163   0.423|0.054   0.538|0.109   0.731|0.054   0.423|0.054   0.385|0.000   0.462|0.218   0.538|0.109   0.346|0.163   0.462|0.218   0.538|0.326   0.269|0.163   0.538|0.109   0.346|0.054   0.385|0.109   0.385|0.109   0.462|0.109   0.269|0.163
  5      0.654|0.054   0.692|0.000   0.731|0.054   0.731|0.054   0.769|0.000   0.769|0.109   0.769|0.000   0.538|0.435   0.577|0.054   0.654|0.163   0.654|0.054   0.654|0.054   0.808|0.054   0.654|0.054   0.692|0.218   0.731|0.054   0.731|0.054   0.538|0.000   0.654|0.054   0.692|0.000   0.808|0.054   0.692|0.109   0.577|0.054   0.615|0.218   0.731|0.054   0.731|0.163   0.615|0.109   0.808|0.054   0.692|0.000   0.538|0.218
  6      0.846|0.109   0.769|0.218   0.923|0.109   0.885|0.054   0.846|0.109   1.000|0.000   0.769|0.109   0.808|0.054   0.962|0.054   0.846|0.109   0.808|0.054   0.885|0.054   0.731|0.054   0.846|0.109   0.885|0.054   0.846|0.109   0.846|0.000   0.885|0.054   0.808|0.054   0.885|0.054   0.923|0.109   0.846|0.000   0.808|0.054   0.846|0.000   0.808|0.054   0.769|0.109   0.923|0.109   0.808|0.054   0.808|0.272   0.962|0.054
  7      0.192|0.054   0.269|0.054   0.308|0.218   0.346|0.163   0.308|0.218   0.192|0.054   0.423|0.054   0.192|0.054   0.154|0.000   0.308|0.000   0.192|0.054   0.231|0.109   0.385|0.218   0.077|0.000   0.192|0.054   0.115|0.054   0.231|0.000   0.154|0.218   0.231|0.109   0.077|0.000   0.192|0.054   0.269|0.272   0.231|0.000   0.308|0.000   0.077|0.109   0.192|0.054   0.077|0.000   0.077|0.000   0.308|0.000   0.192|0.163

MÉDIA    0.610|0.085   0.632|0.070   0.648|0.093   0.648|0.078   0.670|0.140   0.593|0.124   0.665|0.054   0.593|0.140   0.643|0.101   0.593|0.093   0.560|0.078   0.621|0.101   0.593|0.124   0.615|0.062   0.643|0.085   0.599|0.101   0.626|0.078   0.571|0.062   0.610|0.117   0.577|0.070   0.582|0.093   0.621|0.117   0.571|0.093   0.566|0.117   0.610|0.117   0.577|0.085   0.599|0.054   0.604|0.062   0.610|0.070   0.538|0.140
RESULTADO GERAL DAS MÉTRICAS OTIMIZADAS POR CLASSE E RESOLUÇÕES : GLCM - ACURÁCIA E DESVIO PADRÃO (2 RODADAS | RESOLUÇÃO DE 70 ATÉ 99%)

       |     70%     |     71%     |     72%     |     73%     |     74%     |     75%     |     76%     |     77%     |     78%     |     79%     |     80%     |     81%     |     82%     |     83%     |     84%     |     85%     |     86%     |     87%     |     88%     |     89%     |     90%     |     91%     |     92%     |     93%     |     94%     |     95%     |     96%     |     97%     |     98%     |     99%     
CLASSE |   ACC|STD   |   ACC|STD   |   ACC|STD   |   ACC|STD   |   ACC|STD   |   ACC|STD   |   ACC|STD   |   ACC|STD   |   ACC|STD   |   ACC|STD   |   ACC|STD   |   ACC|STD   |   ACC|STD   |   ACC|STD   |   ACC|STD   |   ACC|STD   |   ACC|STD   |   ACC|STD   |   ACC|STD   |   ACC|STD   |   ACC|STD   |   ACC|STD   |   ACC|STD   |   ACC|STD   |   ACC|STD   |   ACC|STD   |   ACC|STD   |   ACC|STD   |   ACC|STD   |   ACC|STD   
  1      0.846|0.109   0.962|0.054   0.885|0.054   0.962|0.054   0.769|0.109   0.692|0.000   0.808|0.054   0.962|0.054   0.808|0.054   0.808|0.163   0.846|0.109   0.885|0.054   0.654|0.272   0.923|0.000   0.923|0.109   0.769|0.109   0.808|0.272   0.846|0.000   0.885|0.054   0.731|0.054   0.846|0.109   0.846|0.000   0.923|0.000   0.769|0.218   0.885|0.163   0.885|0.054   0.885|0.054   0.808|0.163   0.923|0.109   0.731|0.163
  2      0.846|0.218   0.923|0.000   0.923|0.000   0.846|0.000   0.923|0.109   0.769|0.109   0.923|0.109   0.846|0.109   0.962|0.054   0.846|0.218   0.808|0.054   0.846|0.109   0.923|0.000   0.885|0.054   0.962|0.054   0.769|0.000   0.962|0.054   1.000|0.000   0.962|0.054   0.769|0.109   0.692|0.109   0.923|0.109   0.808|0.054   0.923|0.000   0.769|0.218   0.885|0.054   0.923|0.000   0.923|0.109   0.808|0.163   0.923|0.000
  3      0.731|0.163   0.538|0.109   0.538|0.218   0.500|0.054   0.654|0.163   0.346|0.163   0.654|0.054   0.577|0.163   0.615|0.109   0.308|0.000   0.385|0.109   0.423|0.163   0.462|0.109   0.654|0.054   0.538|0.000   0.423|0.163   0.538|0.218   0.462|0.218   0.462|0.109   0.577|0.163   0.500|0.054   0.577|0.054   0.462|0.109   0.423|0.054   0.692|0.109   0.385|0.000   0.538|0.109   0.577|0.054   0.538|0.000   0.423|0.163
  4      0.423|0.054   0.538|0.109   0.538|0.109   0.538|0.109   0.577|0.272   0.500|0.381   0.615|0.109   0.423|0.054   0.577|0.163   0.654|0.163   0.615|0.109   0.577|0.163   0.577|0.163   0.462|0.000   0.615|0.109   0.731|0.054   0.577|0.054   0.500|0.054   0.538|0.109   0.615|0.109   0.385|0.109   0.577|0.163   0.615|0.326   0.346|0.054   0.577|0.054   0.462|0.109   0.538|0.109   0.462|0.109   0.577|0.054   0.462|0.109
  5      0.923|0.000   0.923|0.000   0.923|0.109   0.962|0.054   0.885|0.054   0.846|0.000   0.962|0.054   0.923|0.109   0.962|0.054   0.923|0.109   0.885|0.163   0.962|0.054   0.923|0.000   0.885|0.054   0.923|0.109   0.923|0.109   0.885|0.054   0.962|0.054   0.923|0.109   0.885|0.054   0.885|0.054   0.885|0.054   0.846|0.109   0.885|0.054   0.885|0.163   0.923|0.109   0.923|0.000   0.962|0.054   0.885|0.054   0.808|0.054
  6      0.923|0.109   0.885|0.054   1.000|0.000   0.923|0.000   0.962|0.054   1.000|0.000   0.962|0.054   0.923|0.000   0.962|0.054   0.923|0.109   0.962|0.054   0.962|0.054   0.885|0.054   0.962|0.054   1.000|0.000   0.885|0.054   0.962|0.054   0.962|0.054   0.846|0.000   0.923|0.109   0.962|0.054   1.000|0.000   0.846|0.000   0.885|0.054   0.923|0.000   0.846|0.000   0.962|0.054   0.885|0.054   0.885|0.163   0.962|0.054
  7      0.423|0.054   0.385|0.109   0.462|0.218   0.385|0.218   0.462|0.218   0.385|0.109   0.423|0.054   0.346|0.163   0.308|0.109   0.385|0.109   0.269|0.163   0.308|0.109   0.385|0.218   0.192|0.054   0.308|0.000   0.231|0.000   0.308|0.109   0.192|0.272   0.308|0.218   0.077|0.000   0.269|0.054   0.346|0.272   0.308|0.109   0.423|0.054   0.154|0.109   0.269|0.054   0.154|0.109   0.154|0.109   0.346|0.054   0.346|0.054

MÉDIA    0.731|0.101   0.736|0.062   0.753|0.101   0.731|0.070   0.747|0.140   0.648|0.109   0.764|0.070   0.714|0.093   0.742|0.085   0.692|0.124   0.681|0.109   0.709|0.101   0.687|0.117   0.709|0.039   0.753|0.054   0.676|0.070   0.720|0.117   0.703|0.093   0.703|0.093   0.654|0.085   0.648|0.078   0.736|0.093   0.687|0.101   0.665|0.070   0.698|0.117   0.665|0.054   0.703|0.062   0.681|0.093   0.709|0.085   0.665|0.085


SOMATÓRIO DOS ESCORES DE ACERTOS E ERROS DAS CLASSES EM CADA RODADA POR RESOLUÇÃO (2 RODADAS | RESOLUÇÃO DE 70 ATÉ 99%)

       |     70%     |     71%     |     72%     |     73%     |     74%     |     75%     |     76%     |     77%     |     78%     |     79%     |     80%     |     81%     |     82%     |     83%     |     84%     |     85%     |     86%     |     87%     |     88%     |     89%     |     90%     |     91%     |     92%     |     93%     |     94%     |     95%     |     96%     |     97%     |     98%     |     99%     
RODADA |   ACE|ERR   |   ACE|ERR   |   ACE|ERR   |   ACE|ERR   |   ACE|ERR   |   ACE|ERR   |   ACE|ERR   |   ACE|ERR   |   ACE|ERR   |   ACE|ERR   |   ACE|ERR   |   ACE|ERR   |   ACE|ERR   |   ACE|ERR   |   ACE|ERR   |   ACE|ERR   |   ACE|ERR   |   ACE|ERR   |   ACE|ERR   |   ACE|ERR   |   ACE|ERR   |   ACE|ERR   |   ACE|ERR   |   ACE|ERR   |   ACE|ERR   |   ACE|ERR   |   ACE|ERR   |   ACE|ERR   |   ACE|ERR   |   ACE|ERR   
  1        328.5d|29.5       353.0d|10.0       356.5d|25.0       325.5d|16.0       340.5d|38.0       289.5d|58.0       371.0d|25.5       331.5d|22.0       362.5d|14.5       286.5d|27.5       315.0d|35.5       371.5d|17.0       272.5d|62.5       347.0d|12.0       340.5d|20.5       351.5d|36.0       376.0d|8.5       327.0d|20.0       337.0d|6.5       316.0d|34.5       312.0d|28.0       340.0d|29.5       301.5d|21.0       305.5d|32.5       328.0d|30.0       327.0d|18.0       343.5d|23.0       313.0d|33.5       320.5d|47.0       287.0d|37.0
  2        346.5d|22.0       353.0d|19.5       333.0d|15.0       366.0d|19.0       379.5d|14.0       318.5d|35.0       340.0d|31.5       343.5d|20.0       347.5d|15.0       340.5d|27.0       299.0d|31.5       305.5d|36.0       332.0d|19.0       355.5d|18.0       369.0d|18.0       287.0d|43.0       306.5d|49.0       308.5d|32.0       339.5d|26.0       304.5d|27.5       297.5d|45.5       331.5d|20.5       318.5d|32.5       299.0d|51.0       354.0d|28.0       313.0d|35.5       330.5d|42.0       363.5d|18.0       338.0d|19.0       284.0d|36.5


SOMATÓRIO DOS ESCORES OTIMIZADOS DE ACERTOS E ERROS DAS CLASSES EM CADA RODADA POR RESOLUÇÃO (2 RODADAS | RESOLUÇÃO DE 70 ATÉ 99%)

       |     70%     |     71%     |     72%     |     73%     |     74%     |     75%     |     76%     |     77%     |     78%     |     79%     |     80%     |     81%     |     82%     |     83%     |     84%     |     85%     |     86%     |     87%     |     88%     |     89%     |     90%     |     91%     |     92%     |     93%     |     94%     |     95%     |     96%     |     97%     |     98%     |     99%     
RODADA |   ACE|ERR   |   ACE|ERR   |   ACE|ERR   |   ACE|ERR   |   ACE|ERR   |   ACE|ERR   |   ACE|ERR   |   ACE|ERR   |   ACE|ERR   |   ACE|ERR   |   ACE|ERR   |   ACE|ERR   |   ACE|ERR   |   ACE|ERR   |   ACE|ERR   |   ACE|ERR   |   ACE|ERR   |   ACE|ERR   |   ACE|ERR   |   ACE|ERR   |   ACE|ERR   |   ACE|ERR   |   ACE|ERR   |   ACE|ERR   |   ACE|ERR   |   ACE|ERR   |   ACE|ERR   |   ACE|ERR   |   ACE|ERR   |   ACE|ERR   
  1        368.5d|26.5       403.0d|7.0       388.5d|22.0       372.0d|13.0       360.0d|35.0       307.0d|56.5       407.5d|19.5       372.5d|19.0       393.5d|13.0       341.0d|24.5       361.5d|28.0       391.0d|15.5       313.0d|56.5       386.0d|7.5       407.0d|14.5       373.0d|33.0       422.0d|2.5       387.5d|14.0       372.5d|5.0       348.5d|31.5       361.0d|23.5       381.0d|26.5       363.0d|18.0       358.5d|28.0       374.0d|25.5       357.5d|13.5       365.5d|21.5       355.0d|30.5       354.5d|42.5       347.0d|29.5
  2        402.0d|19.0       390.0d|13.5       393.5d|10.5       402.5d|16.0       414.0d|11.0       337.0d|35.0       388.5d|24.0       395.0d|17.0       393.5d|13.5       368.5d|24.0       352.5d|27.0       353.0d|33.0       390.5d|13.0       392.5d|13.5       398.5d|13.5       335.0d|41.5       342.0d|43.0       372.5d|26.0       389.0d|20.0       355.0d|24.5       317.0d|42.5       395.5d|13.0       377.5d|23.5       332.0d|51.0       389.5d|23.5       359.5d|29.5       402.5d|33.0       389.5d|13.5       403.0d|13.0       343.0d|32.0


MÉDIA DOS TOTAIS DOS ESCORES DE ACERTOS E ERROS POR CLASSE EM CADA RESOLUÇÃO (2 RODADAS | RESOLUÇÃO DE 70 ATÉ 99%)

       |     70%     |     71%     |     72%     |     73%     |     74%     |     75%     |     76%     |     77%     |     78%     |     79%     |     80%     |     81%     |     82%     |     83%     |     84%     |     85%     |     86%     |     87%     |     88%     |     89%     |     90%     |     91%     |     92%     |     93%     |     94%     |     95%     |     96%     |     97%     |     98%     |     99%     
CLASSE |   ACE|ERR   |   ACE|ERR   |   ACE|ERR   |   ACE|ERR   |   ACE|ERR   |   ACE|ERR   |   ACE|ERR   |   ACE|ERR   |   ACE|ERR   |   ACE|ERR   |   ACE|ERR   |   ACE|ERR   |   ACE|ERR   |   ACE|ERR   |   ACE|ERR   |   ACE|ERR   |   ACE|ERR   |   ACE|ERR   |   ACE|ERR   |   ACE|ERR   |   ACE|ERR   |   ACE|ERR   |   ACE|ERR   |   ACE|ERR   |   ACE|ERR   |   ACE|ERR   |   ACE|ERR   |   ACE|ERR   |   ACE|ERR   |   ACE|ERR   
  1      110.0|010.8   125.0|001.3   110.0|010.3   115.0|002.8   100.0|013.5   090.0|024.8   105.0|015.0   125.0|004.3   105.0|009.0   105.0|012.0   110.0|008.0   115.0|003.8   075.0|024.3   110.0|007.0   115.0|006.3   095.0|023.3   100.0|010.0   110.0|009.0   110.0|004.5   095.0|011.8   110.0|008.0   110.0|012.0   110.0|009.8   100.0|016.5   105.0|005.3   110.0|010.3   105.0|011.3   105.0|012.3   115.0|006.3   095.0|011.8
  2      076.5|008.5   093.5|003.3   085.0|002.5   093.5|013.3   093.5|005.3   085.0|010.3   089.3|002.5   080.8|007.8   093.5|002.0   080.8|005.8   080.8|012.5   085.0|005.0   089.3|002.5   093.5|003.8   093.5|001.3   072.3|008.3   097.8|004.0   085.0|002.3   102.0|001.3   063.8|008.5   055.3|022.5   080.8|004.8   072.3|009.5   089.3|003.5   080.8|014.0   093.5|005.5   102.0|008.0   085.0|003.3   080.8|007.0   080.8|008.3
  3      063.8|003.0   037.5|003.8   048.8|003.0   033.8|000.0   060.0|003.0   026.3|006.0   060.0|003.0   048.8|006.8   060.0|003.0   030.0|006.0   030.0|003.0   041.3|012.0   033.8|006.0   060.0|000.0   045.0|006.8   037.5|006.0   048.8|006.0   041.3|005.3   033.8|006.0   052.5|006.0   045.0|000.0   048.8|003.0   033.8|003.0   033.8|015.0   056.3|003.0   030.0|006.0   045.0|008.3   056.3|006.0   037.5|009.0   033.8|011.3
  4      027.5|000.8   035.8|003.0   033.0|001.5   035.8|000.8   038.5|000.8   033.0|003.0   033.0|003.0   030.3|000.0   038.5|000.8   035.8|000.8   027.5|004.5   035.8|003.0   035.8|003.8   030.3|000.8   038.5|001.5   052.3|000.0   030.3|005.3   027.5|006.8   033.0|003.8   038.5|001.5   024.8|003.0   033.0|002.3   038.5|003.8   019.3|006.0   038.5|000.8   024.8|002.3   027.5|003.0   027.5|001.5   033.0|006.8   019.3|003.0
  5      034.0|001.3   036.0|001.3   038.0|001.3   038.0|000.0   040.0|001.3   040.0|002.5   040.0|001.3   028.0|000.0   030.0|000.0   034.0|001.3   034.0|002.5   034.0|001.3   042.0|001.3   034.0|001.3   036.0|001.3   038.0|001.3   038.0|001.3   028.0|001.3   034.0|000.0   036.0|002.5   042.0|002.5   036.0|000.0   030.0|000.0   032.0|000.0   038.0|003.8   038.0|001.3   032.0|001.3   042.0|001.3   036.0|002.5   028.0|002.5
  6      022.0|001.5   020.0|002.3   024.0|001.5   023.0|000.8   022.0|002.3   026.0|000.0   020.0|003.8   021.0|002.3   025.0|000.0   022.0|001.5   021.0|003.0   023.0|001.5   019.0|003.0   022.0|002.3   023.0|002.3   022.0|000.8   022.0|002.3   023.0|001.5   021.0|000.8   023.0|000.8   024.0|000.8   022.0|003.0   021.0|000.8   022.0|000.8   021.0|002.3   020.0|001.5   024.0|000.8   021.0|001.5   021.0|001.5   025.0|000.0
  7      003.8|000.0   005.3|000.0   006.0|000.0   006.8|000.0   006.0|000.0   003.8|000.0   008.3|000.0   003.8|000.0   003.0|000.0   006.0|000.0   003.8|000.0   004.5|000.0   007.5|000.0   001.5|000.0   003.8|000.0   002.3|000.0   004.5|000.0   003.0|000.0   004.5|000.0   001.5|000.0   003.8|000.0   005.3|000.0   004.5|000.0   006.0|000.0   001.5|000.0   003.8|000.0   001.5|000.0   001.5|000.0   006.0|000.0   003.8|000.0

MÉDIA    048.2|003.7   050.4|002.1   049.3|002.9   049.4|002.5   051.4|003.7   043.4|006.6   050.8|004.1   048.2|003.0   050.7|002.1   044.8|003.9   043.9|004.8   048.4|003.8   043.2|005.8   050.2|002.1   050.7|002.8   045.6|005.6   048.8|004.1   045.4|003.7   048.3|002.3   044.3|004.4   043.5|005.3   048.0|003.6   044.3|003.8   043.2|006.0   048.7|004.1   045.7|003.8   048.1|004.6   048.3|003.7   047.0|004.7   040.8|005.3


MÉDIA DOS TOTAIS OIMIZADOS DOS ESCORES DE ACERTOS E ERROS POR CLASSE EM CADA RESOLUÇÃO (2 RODADAS | RESOLUÇÃO DE 70 ATÉ 99%)

       |     70%     |     71%     |     72%     |     73%     |     74%     |     75%     |     76%     |     77%     |     78%     |     79%     |     80%     |     81%     |     82%     |     83%     |     84%     |     85%     |     86%     |     87%     |     88%     |     89%     |     90%     |     91%     |     92%     |     93%     |     94%     |     95%     |     96%     |     97%     |     98%     |     99%     
CLASSE |   ACE|ERR   |   ACE|ERR   |   ACE|ERR   |   ACE|ERR   |   ACE|ERR   |   ACE|ERR   |   ACE|ERR   |   ACE|ERR   |   ACE|ERR   |   ACE|ERR   |   ACE|ERR   |   ACE|ERR   |   ACE|ERR   |   ACE|ERR   |   ACE|ERR   |   ACE|ERR   |   ACE|ERR   |   ACE|ERR   |   ACE|ERR   |   ACE|ERR   |   ACE|ERR   |   ACE|ERR   |   ACE|ERR   |   ACE|ERR   |   ACE|ERR   |   ACE|ERR   |   ACE|ERR   |   ACE|ERR   |   ACE|ERR   |   ACE|ERR   
  1      110.0|010.8   125.0|001.3   115.0|009.5   125.0|001.3   100.0|013.5   090.0|024.8   105.0|015.0   125.0|004.3   105.0|009.0   105.0|012.0   110.0|008.0   115.0|003.8   085.0|022.8   120.0|005.5   120.0|005.5   100.0|022.5   105.0|009.3   110.0|009.0   115.0|003.8   095.0|011.8   110.0|008.0   110.0|012.0   120.0|008.3   100.0|016.5   115.0|003.8   115.0|009.5   115.0|009.8   105.0|012.3   120.0|005.5   095.0|011.8
  2      093.5|007.8   102.0|002.5   102.0|002.5   093.5|013.3   102.0|005.3   085.0|010.3   102.0|002.5   093.5|007.8   106.3|001.3   093.5|005.0   089.3|011.8   093.5|005.0   102.0|002.5   097.8|003.8   106.3|001.3   085.0|007.5   106.3|004.0   110.5|000.0   106.3|001.3   085.0|008.5   076.5|020.3   102.0|002.5   089.3|007.3   102.0|003.5   085.0|014.0   097.8|004.8   102.0|008.0   102.0|002.5   089.3|006.3   102.0|005.3
  3      071.3|003.0   052.5|003.0   052.5|003.0   048.8|000.0   063.8|003.0   033.8|006.0   063.8|003.0   056.3|006.0   060.0|003.0   030.0|006.0   037.5|003.0   041.3|012.0   045.0|006.0   063.8|000.0   052.5|006.0   041.3|006.0   052.5|006.0   045.0|005.3   045.0|005.3   056.3|005.3   048.8|000.0   056.3|003.0   045.0|003.0   041.3|015.0   067.5|003.0   037.5|006.0   052.5|008.3   056.3|006.0   052.5|009.0   041.3|011.3
  4      030.3|000.0   038.5|002.3   038.5|000.0   038.5|000.0   041.3|000.0   035.8|002.3   044.0|000.0   030.3|000.0   041.3|000.0   046.8|000.0   044.0|002.3   041.3|002.3   041.3|002.3   033.0|000.0   044.0|000.0   052.3|000.0   041.3|002.3   035.8|004.5   038.5|002.3   044.0|000.0   027.5|002.3   041.3|002.3   044.0|002.3   024.8|004.5   041.3|000.0   033.0|000.0   038.5|000.0   033.0|000.0   041.3|004.5   033.0|000.0
  5      048.0|001.3   048.0|001.3   048.0|001.3   050.0|000.0   046.0|001.3   044.0|002.5   050.0|001.3   048.0|000.0   050.0|000.0   048.0|001.3   046.0|002.5   050.0|001.3   048.0|001.3   046.0|001.3   048.0|001.3   048.0|001.3   046.0|001.3   050.0|001.3   048.0|000.0   046.0|002.5   046.0|002.5   046.0|000.0   044.0|000.0   046.0|000.0   046.0|003.8   048.0|001.3   048.0|001.3   050.0|001.3   046.0|002.5   042.0|002.5
  6      024.0|000.0   023.0|000.0   026.0|000.0   024.0|000.0   025.0|000.0   026.0|000.0   025.0|000.0   024.0|000.0   025.0|000.0   024.0|000.0   025.0|000.0   025.0|000.0   023.0|000.0   025.0|000.0   026.0|000.0   023.0|000.0   025.0|000.0   025.0|000.0   022.0|000.0   024.0|000.0   025.0|000.0   026.0|000.0   022.0|000.0   023.0|000.0   024.0|000.0   022.0|000.0   025.0|000.0   023.0|000.0   023.0|000.0   025.0|000.0
  7      008.3|000.0   007.5|000.0   009.0|000.0   007.5|000.0   009.0|000.0   007.5|000.0   008.3|000.0   006.8|000.0   006.0|000.0   007.5|000.0   005.3|000.0   006.0|000.0   007.5|000.0   003.8|000.0   006.0|000.0   004.5|000.0   006.0|000.0   003.8|000.0   006.0|000.0   001.5|000.0   005.3|000.0   006.8|000.0   006.0|000.0   008.3|000.0   003.0|000.0   005.3|000.0   003.0|000.0   003.0|000.0   006.8|000.0   006.8|000.0

MÉDIA    055.0|003.3   056.6|001.5   055.9|002.3   055.3|002.1   055.3|003.3   046.0|006.5   056.9|003.1   054.8|002.6   056.2|001.9   050.7|003.5   051.0|003.9   053.1|003.5   050.3|005.0   055.6|001.5   057.5|002.0   050.6|005.3   054.6|003.3   054.3|002.9   054.4|001.8   050.3|004.0   048.4|004.7   055.5|002.8   052.9|003.0   049.3|005.6   054.5|003.5   051.2|003.1   054.9|003.9   053.2|003.1   054.1|004.0   049.3|004.4
