RESULTADO GERAL DAS MÉTRICAS POR CLASSE E RESOLUÇÕES : GLCM - ACURÁCIA E DESVIO PADRÃO (5 RODADAS | RESOLUÇÃO DE 70 ATÉ 99%)

       |     70%     |     71%     |     72%     |     73%     |     74%     |     75%     |     76%     |     77%     |     78%     |     79%     |     80%     |     81%     |     82%     |     83%     |     84%     |     85%     |     86%     |     87%     |     88%     |     89%     |     90%     |     91%     |     92%     |     93%     |     94%     |     95%     |     96%     |     97%     |     98%     |     99%     
CLASSE |   ACC|STD   |   ACC|STD   |   ACC|STD   |   ACC|STD   |   ACC|STD   |   ACC|STD   |   ACC|STD   |   ACC|STD   |   ACC|STD   |   ACC|STD   |   ACC|STD   |   ACC|STD   |   ACC|STD   |   ACC|STD   |   ACC|STD   |   ACC|STD   |   ACC|STD   |   ACC|STD   |   ACC|STD   |   ACC|STD   |   ACC|STD   |   ACC|STD   |   ACC|STD   |   ACC|STD   |   ACC|STD   |   ACC|STD   |   ACC|STD   |   ACC|STD   |   ACC|STD   |   ACC|STD   
  1      0.923|0.077   0.938|0.064   0.846|0.109   0.800|0.069   0.892|0.069   0.877|0.042   0.800|0.117   0.923|0.054   0.831|0.100   0.754|0.138   0.877|0.117   0.892|0.088   0.800|0.042   0.892|0.042   0.800|0.129   0.877|0.117   0.815|0.129   0.846|0.077   0.831|0.175   0.831|0.084   0.831|0.034   0.846|0.133   0.800|0.117   0.800|0.117   0.785|0.126   0.831|0.126   0.800|0.222   0.769|0.122   0.877|0.042   0.785|0.206
  2      0.800|0.069   0.800|0.129   0.831|0.100   0.800|0.150   0.738|0.117   0.862|0.084   0.800|0.088   0.723|0.140   0.769|0.077   0.769|0.054   0.754|0.126   0.831|0.064   0.708|0.138   0.662|0.042   0.754|0.114   0.754|0.138   0.769|0.154   0.738|0.117   0.800|0.208   0.769|0.094   0.662|0.160   0.723|0.160   0.708|0.100   0.692|0.094   0.862|0.114   0.692|0.154   0.708|0.114   0.800|0.117   0.815|0.088   0.662|0.140
  3      0.477|0.148   0.477|0.184   0.415|0.117   0.554|0.148   0.523|0.175   0.538|0.122   0.446|0.084   0.492|0.088   0.585|0.177   0.431|0.088   0.308|0.163   0.446|0.126   0.323|0.206   0.477|0.114   0.385|0.154   0.477|0.126   0.569|0.129   0.431|0.069   0.446|0.148   0.385|0.094   0.400|0.084   0.462|0.077   0.415|0.069   0.446|0.167   0.523|0.175   0.308|0.133   0.308|0.122   0.462|0.180   0.492|0.129   0.446|0.240
  4      0.477|0.100   0.446|0.064   0.492|0.042   0.431|0.129   0.508|0.088   0.415|0.088   0.415|0.129   0.431|0.117   0.492|0.150   0.569|0.129   0.354|0.160   0.492|0.177   0.477|0.333   0.585|0.117   0.569|0.069   0.538|0.211   0.338|0.117   0.400|0.100   0.554|0.114   0.508|0.117   0.538|0.077   0.462|0.094   0.446|0.138   0.369|0.148   0.538|0.122   0.277|0.185   0.354|0.177   0.354|0.150   0.400|0.192   0.462|0.122
  5      0.738|0.088   0.785|0.034   0.677|0.167   0.831|0.064   0.662|0.140   0.692|0.077   0.754|0.064   0.692|0.122   0.554|0.100   0.615|0.077   0.677|0.167   0.662|0.169   0.662|0.140   0.692|0.122   0.631|0.114   0.692|0.054   0.523|0.100   0.677|0.206   0.723|0.140   0.738|0.129   0.723|0.140   0.585|0.177   0.600|0.064   0.769|0.109   0.631|0.064   0.738|0.129   0.754|0.100   0.723|0.103   0.769|0.172   0.692|0.077
  6      0.923|0.054   0.908|0.084   0.892|0.088   0.969|0.042   0.877|0.117   0.923|0.054   0.892|0.088   0.877|0.088   0.815|0.088   0.738|0.069   0.846|0.109   0.877|0.042   0.800|0.069   0.862|0.114   0.892|0.069   0.862|0.084   0.862|0.064   0.846|0.077   0.846|0.122   0.846|0.109   0.923|0.094   0.738|0.160   0.831|0.084   0.831|0.084   0.877|0.103   0.877|0.042   0.862|0.100   0.877|0.069   0.800|0.069   0.815|0.088
  7      0.108|0.042   0.231|0.077   0.185|0.088   0.292|0.213   0.262|0.117   0.200|0.117   0.231|0.094   0.200|0.103   0.169|0.100   0.169|0.084   0.154|0.094   0.262|0.069   0.123|0.088   0.215|0.126   0.215|0.084   0.231|0.122   0.262|0.069   0.138|0.100   0.215|0.100   0.108|0.117   0.169|0.084   0.231|0.109   0.185|0.088   0.292|0.138   0.154|0.054   0.215|0.126   0.154|0.094   0.200|0.103   0.262|0.042   0.169|0.034

MÉDIA    0.635|0.083   0.655|0.091   0.620|0.101   0.668|0.116   0.637|0.117   0.644|0.083   0.620|0.095   0.620|0.102   0.602|0.113   0.578|0.091   0.567|0.134   0.637|0.105   0.556|0.145   0.626|0.097   0.607|0.105   0.633|0.122   0.591|0.109   0.582|0.107   0.631|0.144   0.598|0.106   0.607|0.096   0.578|0.130   0.569|0.094   0.600|0.122   0.624|0.108   0.563|0.128   0.563|0.133   0.598|0.121   0.631|0.105   0.576|0.129


SOMATÓRIO DOS ESCORES DE ACERTOS E ERROS DAS CLASSES EM CADA RODADA POR RESOLUÇÃO (5 RODADAS | RESOLUÇÃO DE 70 ATÉ 99%)

       |     70%     |     71%     |     72%     |     73%     |     74%     |     75%     |     76%     |     77%     |     78%     |     79%     |     80%     |     81%     |     82%     |     83%     |     84%     |     85%     |     86%     |     87%     |     88%     |     89%     |     90%     |     91%     |     92%     |     93%     |     94%     |     95%     |     96%     |     97%     |     98%     |     99%     
RODADA |   ACE|ERR   |   ACE|ERR   |   ACE|ERR   |   ACE|ERR   |   ACE|ERR   |   ACE|ERR   |   ACE|ERR   |   ACE|ERR   |   ACE|ERR   |   ACE|ERR   |   ACE|ERR   |   ACE|ERR   |   ACE|ERR   |   ACE|ERR   |   ACE|ERR   |   ACE|ERR   |   ACE|ERR   |   ACE|ERR   |   ACE|ERR   |   ACE|ERR   |   ACE|ERR   |   ACE|ERR   |   ACE|ERR   |   ACE|ERR   |   ACE|ERR   |   ACE|ERR   |   ACE|ERR   |   ACE|ERR   |   ACE|ERR   |   ACE|ERR   
  1        3565|100       3530|155       3475|085       3185|200       3360|185       3455|235       3240|385       3330|235       3200|170       3205|430       3015|205       3335|265       2990|380       3180|420       3175|270       3845|150       3125|335       2920|245       2850|430       3105|300       3425|125       3470|160       2830|425       3095|340       3240|255       2995|405       3140|245       3005|385       3600|100       3000|500
  2        3555|065       3640|090       3575|195       3500|190       3405|190       3450|465       3370|300       3545|245       2980|595       3305|290       3420|150       3515|155       2980|260       3530|420       3005|240       3085|305       3515|170       3290|315       3135|415       3525|220       3230|330       3440|190       3260|385       3300|195       3435|430       3125|220       3000|340       3350|380       3625|175       3675|145
  3        3300|125       3575|135       3210|405       3650|145       3415|220       3490|400       3370|245       3330|190       3575|290       3230|400       3440|165       3775|195       2940|395       3380|100       3115|450       3030|640       3425|320       3080|255       3380|400       3230|185       3380|160       2605|645       3015|460       3320|190       3670|220       2665|525       2470|595       3255|160       3100|340       2910|435
  4        3575|125       3670|270       3060|475       3660|195       3500|250       3705|285       3140|385       3240|670       3730|170       3390|245       3125|210       3415|170       3195|220       3455|470       3255|390       4200|040       3345|350       3560|155       3900|200       3470|205       3000|335       3305|185       3115|280       3130|475       3540|125       3110|125       3380|075       3250|100       3425|170       2430|540
  5        3680|135       3470|120       3655|125       3570|190       3680|205       3665|145       3505|105       3625|140       3440|320       2880|550       2640|520       3400|190       3165|250       3455|225       3735|040       3100|260       2860|630       3255|220       3900|100       3135|315       3140|205       3280|270       3330|455       3040|355       3380|245       3090|355       3115|425       3290|350       3580|265       3590|350


MÉDIA DOS TOTAIS DOS ESCORES DE ACERTOS E ERROS POR CLASSE EM CADA RESOLUÇÃO (5 RODADAS | RESOLUÇÃO DE 70 ATÉ 99%)

       |     70%     |     71%     |     72%     |     73%     |     74%     |     75%     |     76%     |     77%     |     78%     |     79%     |     80%     |     81%     |     82%     |     83%     |     84%     |     85%     |     86%     |     87%     |     88%     |     89%     |     90%     |     91%     |     92%     |     93%     |     94%     |     95%     |     96%     |     97%     |     98%     |     99%     
CLASSE |   ACE|ERR   |   ACE|ERR   |   ACE|ERR   |   ACE|ERR   |   ACE|ERR   |   ACE|ERR   |   ACE|ERR   |   ACE|ERR   |   ACE|ERR   |   ACE|ERR   |   ACE|ERR   |   ACE|ERR   |   ACE|ERR   |   ACE|ERR   |   ACE|ERR   |   ACE|ERR   |   ACE|ERR   |   ACE|ERR   |   ACE|ERR   |   ACE|ERR   |   ACE|ERR   |   ACE|ERR   |   ACE|ERR   |   ACE|ERR   |   ACE|ERR   |   ACE|ERR   |   ACE|ERR   |   ACE|ERR   |   ACE|ERR   |   ACE|ERR   
  1      1200.0|025.0   1220.0|032.0   1100.0|095.0   1040.0|085.0   1160.0|047.0   1140.0|072.0   1040.0|120.0   1200.0|065.0   1080.0|159.0   980.0|170.0   1140.0|110.0   1160.0|027.0   1040.0|055.0   1160.0|093.0   1040.0|113.0   1140.0|124.0   1060.0|143.0   1100.0|055.0   1080.0|087.0   1080.0|077.0   1080.0|089.0   1100.0|068.0   1040.0|134.0   1040.0|108.0   1020.0|122.0   1080.0|132.0   1040.0|093.0   1000.0|111.0   1140.0|072.0   1020.0|124.0
  2      884.0|028.0   884.0|060.0   918.0|047.0   884.0|048.0   816.0|053.0   952.0|046.0   884.0|030.0   799.0|124.0   850.0|084.0   850.0|055.0   833.0|072.0   918.0|041.0   782.0|096.0   731.0|086.0   833.0|063.0   833.0|061.0   850.0|072.0   816.0|094.0   884.0|065.0   850.0|055.0   731.0|102.0   799.0|066.0   782.0|130.0   765.0|060.0   952.0|060.0   765.0|063.0   782.0|057.0   884.0|041.0   901.0|058.0   731.0|120.0
  3      465.0|012.0   465.0|036.0   405.0|063.0   540.0|024.0   510.0|072.0   525.0|135.0   435.0|099.0   480.0|066.0   570.0|036.0   420.0|105.0   300.0|021.0   435.0|081.0   315.0|084.0   465.0|084.0   375.0|036.0   465.0|048.0   555.0|075.0   420.0|021.0   435.0|099.0   375.0|051.0   390.0|012.0   450.0|096.0   405.0|060.0   435.0|108.0   510.0|048.0   300.0|078.0   300.0|114.0   450.0|063.0   480.0|048.0   435.0|075.0
  4      341.0|024.0   319.0|009.0   352.0|009.0   308.0|024.0   363.0|018.0   297.0|021.0   297.0|018.0   308.0|024.0   352.0|009.0   407.0|012.0   253.0|027.0   352.0|030.0   341.0|039.0   418.0|042.0   407.0|042.0   385.0|015.0   242.0|036.0   286.0|030.0   396.0|027.0   363.0|018.0   385.0|015.0   330.0|012.0   319.0|042.0   264.0|018.0   385.0|012.0   198.0|033.0   253.0|045.0   253.0|033.0   286.0|009.0   330.0|024.0
  5      384.0|015.0   408.0|005.0   352.0|025.0   432.0|000.0   344.0|005.0   360.0|020.0   392.0|005.0   360.0|005.0   288.0|000.0   320.0|005.0   352.0|005.0   344.0|010.0   344.0|015.0   360.0|010.0   328.0|015.0   360.0|010.0   272.0|020.0   352.0|020.0   376.0|010.0   384.0|020.0   376.0|010.0   304.0|015.0   312.0|020.0   400.0|005.0   328.0|010.0   384.0|005.0   392.0|015.0   376.0|015.0   400.0|005.0   360.0|030.0
  6      240.0|006.0   236.0|012.0   232.0|018.0   252.0|003.0   228.0|015.0   240.0|012.0   232.0|012.0   228.0|012.0   212.0|021.0   192.0|036.0   220.0|015.0   228.0|006.0   208.0|012.0   224.0|012.0   232.0|009.0   224.0|021.0   224.0|015.0   220.0|018.0   220.0|021.0   220.0|024.0   240.0|003.0   192.0|033.0   216.0|015.0   216.0|012.0   228.0|003.0   228.0|015.0   224.0|012.0   228.0|012.0   208.0|018.0   212.0|021.0
  7      021.0|000.0   045.0|000.0   036.0|000.0   057.0|000.0   051.0|000.0   039.0|000.0   045.0|000.0   039.0|000.0   033.0|000.0   033.0|000.0   030.0|000.0   051.0|000.0   024.0|000.0   042.0|000.0   042.0|000.0   045.0|000.0   051.0|000.0   027.0|000.0   042.0|000.0   021.0|000.0   033.0|000.0   045.0|000.0   036.0|000.0   057.0|000.0   030.0|000.0   042.0|000.0   030.0|000.0   039.0|000.0   051.0|000.0   033.0|000.0

MÉDIA    505.0|015.7   511.0|022.0   485.0|036.7   501.9|026.3   496.0|030.0   507.6|043.7   475.0|040.6   487.7|042.3   483.6|044.1   457.4|054.7   446.9|035.7   498.3|027.9   436.3|043.0   485.7|046.7   465.3|039.7   493.1|039.9   464.9|051.6   460.1|034.0   490.4|044.1   470.4|035.0   462.1|033.0   460.0|041.4   444.3|057.3   453.9|044.4   493.3|036.4   428.1|046.6   431.6|048.0   461.4|039.3   495.1|030.0   445.9|056.3
