RESULTADO GERAL DAS MÉTRICAS POR CLASSE E RESOLUÇÕES : GLCM - ACURÁCIA E DESVIO PADRÃO (50 RODADAS | RESOLUÇÃO DE 5 ATÉ 35%)

       |      1%     |      2%     |      3%     |      4%     |      5%     |      6%     |      7%     |      8%     |      9%     |     10%     |     11%     |     12%     |     13%     |     14%     |     15%     |     16%     |     17%     |     18%     |     19%     |     20%     |     21%     |     22%     |     23%     |     24%     |     25%     |     26%     |     27%     |     28%     |     29%     |     30%     |     31%     
CLASSE |   ACC|STD   |   ACC|STD   |   ACC|STD   |   ACC|STD   |   ACC|STD   |   ACC|STD   |   ACC|STD   |   ACC|STD   |   ACC|STD   |   ACC|STD   |   ACC|STD   |   ACC|STD   |   ACC|STD   |   ACC|STD   |   ACC|STD   |   ACC|STD   |   ACC|STD   |   ACC|STD   |   ACC|STD   |   ACC|STD   |   ACC|STD   |   ACC|STD   |   ACC|STD   |   ACC|STD   |   ACC|STD   |   ACC|STD   |   ACC|STD   |   ACC|STD   |   ACC|STD   |   ACC|STD   |   ACC|STD   
  1      0.820|0.115   0.854|0.100   0.846|0.104   0.832|0.118   0.831|0.110   0.835|0.115   0.815|0.102   0.851|0.086   0.825|0.114   0.849|0.098   0.817|0.090   0.815|0.107   0.806|0.113   0.825|0.116   0.843|0.111   0.788|0.108   0.803|0.108   0.834|0.107   0.851|0.092   0.814|0.114   0.797|0.098   0.851|0.098   0.818|0.121   0.837|0.124   0.832|0.114   0.812|0.098   0.851|0.087   0.832|0.119   0.851|0.090   0.872|0.118   0.865|0.097
  2      0.829|0.103   0.826|0.109   0.815|0.112   0.812|0.102   0.858|0.110   0.814|0.101   0.826|0.127   0.835|0.121   0.837|0.094   0.840|0.089   0.851|0.094   0.777|0.114   0.860|0.077   0.823|0.126   0.798|0.118   0.832|0.105   0.835|0.109   0.848|0.107   0.838|0.113   0.797|0.099   0.832|0.118   0.791|0.111   0.794|0.083   0.823|0.097   0.851|0.096   0.831|0.119   0.831|0.093   0.814|0.102   0.829|0.103   0.848|0.106   0.795|0.109
  3      0.568|0.153   0.566|0.152   0.535|0.127   0.492|0.101   0.568|0.147   0.522|0.150   0.522|0.152   0.495|0.145   0.526|0.137   0.571|0.115   0.546|0.167   0.489|0.127   0.542|0.138   0.503|0.159   0.508|0.137   0.485|0.143   0.535|0.138   0.482|0.147   0.531|0.138   0.525|0.125   0.475|0.138   0.457|0.099   0.620|0.109   0.546|0.117   0.534|0.153   0.520|0.142   0.537|0.121   0.538|0.132   0.554|0.148   0.558|0.115   0.543|0.110
  4      0.508|0.131   0.505|0.124   0.468|0.127   0.478|0.128   0.471|0.137   0.442|0.134   0.442|0.142   0.425|0.157   0.446|0.114   0.446|0.132   0.445|0.133   0.434|0.141   0.409|0.126   0.506|0.136   0.432|0.140   0.426|0.155   0.382|0.145   0.429|0.125   0.425|0.125   0.446|0.118   0.417|0.133   0.448|0.140   0.455|0.146   0.432|0.132   0.532|0.118   0.449|0.144   0.435|0.144   0.463|0.138   0.465|0.135   0.426|0.125   0.480|0.131
  5      0.720|0.123   0.698|0.123   0.735|0.106   0.714|0.113   0.728|0.099   0.758|0.109   0.771|0.102   0.720|0.128   0.740|0.124   0.763|0.131   0.751|0.115   0.746|0.105   0.722|0.128   0.757|0.122   0.751|0.116   0.755|0.116   0.738|0.133   0.715|0.128   0.755|0.105   0.774|0.143   0.789|0.099   0.769|0.107   0.752|0.111   0.748|0.116   0.742|0.107   0.780|0.121   0.720|0.126   0.749|0.130   0.709|0.140   0.788|0.137   0.752|0.111
  6      0.855|0.111   0.852|0.104   0.831|0.088   0.868|0.085   0.875|0.093   0.817|0.112   0.846|0.101   0.837|0.099   0.869|0.070   0.895|0.085   0.872|0.095   0.862|0.087   0.835|0.091   0.895|0.085   0.888|0.080   0.894|0.089   0.891|0.085   0.889|0.078   0.882|0.101   0.874|0.088   0.872|0.090   0.880|0.085   0.866|0.082   0.862|0.101   0.894|0.076   0.855|0.089   0.868|0.093   0.863|0.087   0.883|0.087   0.885|0.087   0.871|0.089
  7      0.417|0.144   0.374|0.095   0.378|0.138   0.394|0.128   0.397|0.124   0.377|0.111   0.391|0.116   0.378|0.131   0.380|0.108   0.409|0.113   0.312|0.110   0.388|0.118   0.362|0.117   0.383|0.127   0.342|0.133   0.382|0.131   0.342|0.123   0.317|0.116   0.398|0.105   0.334|0.116   0.331|0.103   0.331|0.144   0.334|0.140   0.371|0.107   0.366|0.107   0.306|0.120   0.402|0.133   0.375|0.135   0.385|0.123   0.342|0.145   0.329|0.105

MÉDIA    0.674|0.126   0.668|0.115   0.658|0.115   0.656|0.111   0.675|0.117   0.652|0.119   0.659|0.120   0.649|0.124   0.660|0.109   0.682|0.109   0.656|0.115   0.644|0.114   0.648|0.113   0.670|0.124   0.652|0.119   0.652|0.121   0.647|0.120   0.645|0.116   0.669|0.111   0.652|0.115   0.645|0.111   0.647|0.112   0.663|0.113   0.660|0.113   0.679|0.110   0.651|0.119   0.663|0.114   0.662|0.120   0.668|0.118   0.674|0.119   0.662|0.107


SOMATÓRIO DOS ESCORES DE ACERTOS E ERROS DAS CLASSES EM CADA RODADA POR RESOLUÇÃO (50 RODADAS | RESOLUÇÃO DE 5 ATÉ 35%)

       |      1%     |      2%     |      3%     |      4%     |      5%     |      6%     |      7%     |      8%     |      9%     |     10%     |     11%     |     12%     |     13%     |     14%     |     15%     |     16%     |     17%     |     18%     |     19%     |     20%     |     21%     |     22%     |     23%     |     24%     |     25%     |     26%     |     27%     |     28%     |     29%     |     30%     |     31%     
RODADA |   ACE|ERR   |   ACE|ERR   |   ACE|ERR   |   ACE|ERR   |   ACE|ERR   |   ACE|ERR   |   ACE|ERR   |   ACE|ERR   |   ACE|ERR   |   ACE|ERR   |   ACE|ERR   |   ACE|ERR   |   ACE|ERR   |   ACE|ERR   |   ACE|ERR   |   ACE|ERR   |   ACE|ERR   |   ACE|ERR   |   ACE|ERR   |   ACE|ERR   |   ACE|ERR   |   ACE|ERR   |   ACE|ERR   |   ACE|ERR   |   ACE|ERR   |   ACE|ERR   |   ACE|ERR   |   ACE|ERR   |   ACE|ERR   |   ACE|ERR   |   ACE|ERR   
  1        3.475000e+02|022       354|3.450000e+01       3.065000e+02|055       3.435000e+02|022       3.505000e+02|039       369|2.550000e+01       376|2.350000e+01       350|010       334|2.550000e+01       364|035       3.225000e+02|036       351|1.950000e+01       366|2.350000e+01       366|040       3.085000e+02|5.550000e+01       3.065000e+02|4.350000e+01       360|035       3.415000e+02|4.500000e+00       3.565000e+02|017       330|009       3.345000e+02|4.450000e+01       348|4.850000e+01       371|033       339|1.350000e+01       3.575000e+02|1.750000e+01       325|2.350000e+01       366|015       355|2.450000e+01       3.115000e+02|3.350000e+01       3.595000e+02|3.650000e+01       397|9.500000e+00
  2        415|005       3.875000e+02|021       3.325000e+02|2.750000e+01       3.555000e+02|010       365|1.150000e+01       379|016       322|047       3.795000e+02|2.150000e+01       3.495000e+02|2.850000e+01       3.695000e+02|016       376|1.250000e+01       334|4.550000e+01       357|026       352|013       297|5.250000e+01       3.055000e+02|4.750000e+01       2.915000e+02|5.150000e+01       378|014       345|2.950000e+01       349|1.050000e+01       343|3.750000e+01       3.725000e+02|1.950000e+01       3.825000e+02|019       3.465000e+02|036       328|1.650000e+01       362|011       3.445000e+02|2.050000e+01       357|017       338|3.350000e+01       3.375000e+02|2.750000e+01       3.785000e+02|024
  3        298|5.150000e+01       3.615000e+02|016       376|029       3.115000e+02|027       370|011       375|1.350000e+01       3.905000e+02|2.250000e+01       3.565000e+02|017       3.805000e+02|1.850000e+01       361|2.250000e+01       3.355000e+02|3.950000e+01       3.475000e+02|2.150000e+01       376|1.150000e+01       3.485000e+02|2.150000e+01       324|3.350000e+01       356|030       375|2.150000e+01       338|029       3.685000e+02|9.500000e+00       3.565000e+02|021       303|4.150000e+01       3.225000e+02|2.150000e+01       338|5.450000e+01       325|1.950000e+01       377|027       364|1.350000e+01       3.455000e+02|017       340|4.150000e+01       352|1.650000e+01       3.785000e+02|045       421|007
  4        3.875000e+02|2.550000e+01       365|2.050000e+01       3.455000e+02|1.850000e+01       374|019       407|1.050000e+01       4.125000e+02|005       366|012       333|013       3.405000e+02|030       3.665000e+02|1.450000e+01       3.805000e+02|014       321|037       358|015       3.205000e+02|2.950000e+01       356|018       3.725000e+02|1.950000e+01       369|034       2.935000e+02|4.050000e+01       3.635000e+02|014       3.245000e+02|025       3.285000e+02|3.350000e+01       3.795000e+02|1.850000e+01       3.915000e+02|009       3.455000e+02|5.250000e+01       379|015       372|011       3.625000e+02|2.450000e+01       3.445000e+02|043       3.815000e+02|3.450000e+01       3.445000e+02|3.150000e+01       2.885000e+02|3.650000e+01
  5        365|2.350000e+01       349|018       350|019       306|037       3.495000e+02|1.050000e+01       3.315000e+02|024       358|012       343|1.650000e+01       347|2.350000e+01       317|3.550000e+01       346|2.550000e+01       3.165000e+02|046       3.815000e+02|1.550000e+01       3.155000e+02|2.450000e+01       3.615000e+02|031       3.675000e+02|029       340|2.150000e+01       337|2.850000e+01       349|1.050000e+01       330|036       318|2.350000e+01       342|013       3.845000e+02|2.050000e+01       356|037       378|1.850000e+01       3.375000e+02|3.450000e+01       324|024       3.605000e+02|004       397|5.500000e+00       379|030       366|018
  6        400|012       3.725000e+02|006       378|022       3.615000e+02|1.850000e+01       3.885000e+02|007       329|2.250000e+01       371|1.850000e+01       3.855000e+02|020       337|3.950000e+01       347|022       362|032       3.285000e+02|020       3.645000e+02|1.450000e+01       3.935000e+02|029       340|003       341|043       3.215000e+02|041       3.535000e+02|9.500000e+00       3.625000e+02|026       3.875000e+02|1.050000e+01       3.225000e+02|3.150000e+01       339|031       3.705000e+02|036       336|1.750000e+01       3.765000e+02|9.500000e+00       366|014       3.295000e+02|1.650000e+01       3.505000e+02|5.550000e+01       334|031       386|2.150000e+01       391|018
  7        3.575000e+02|1.650000e+01       3.715000e+02|040       341|013       357|2.050000e+01       3.835000e+02|3.350000e+01       308|2.150000e+01       3.435000e+02|2.150000e+01       379|1.150000e+01       3.765000e+02|2.450000e+01       3.765000e+02|1.250000e+01       3.305000e+02|3.050000e+01       357|1.050000e+01       382|019       3.715000e+02|1.950000e+01       342|032       3.435000e+02|014       2.895000e+02|031       340|3.150000e+01       339|022       3.595000e+02|035       2.955000e+02|037       3.945000e+02|023       3.775000e+02|2.350000e+01       3.515000e+02|024       3.965000e+02|2.500000e+00       345|3.250000e+01       344|3.450000e+01       3.325000e+02|2.950000e+01       4.045000e+02|000       3.965000e+02|9.500000e+00       340|4.050000e+01
  8        3.475000e+02|042       376|013       2.845000e+02|5.150000e+01       327|3.250000e+01       329|032       394|003       3.405000e+02|027       3.845000e+02|6.500000e+00       3.465000e+02|034       3.375000e+02|3.650000e+01       366|019       3.445000e+02|010       3.575000e+02|020       367|3.950000e+01       320|028       340|2.550000e+01       350|024       3.205000e+02|4.850000e+01       369|038       2.785000e+02|039       331|1.950000e+01       3.475000e+02|022       3.725000e+02|026       3.415000e+02|007       379|3.150000e+01       367|2.350000e+01       374|015       346|035       362|022       371|1.550000e+01       3.295000e+02|2.450000e+01
  9        3.115000e+02|5.950000e+01       3.835000e+02|9.500000e+00       349|2.150000e+01       3.325000e+02|023       3.375000e+02|024       370|013       401|2.500000e+00       3.515000e+02|023       3.595000e+02|3.550000e+01       375|1.250000e+01       3.855000e+02|8.500000e+00       323|3.150000e+01       342|1.950000e+01       319|2.750000e+01       355|1.750000e+01       3.485000e+02|1.350000e+01       3.585000e+02|1.750000e+01       303|036       352|2.150000e+01       3.445000e+02|2.450000e+01       360|022       335|023       376|015       392|9.500000e+00       391|2.850000e+01       373|1.850000e+01       3.505000e+02|3.050000e+01       4.065000e+02|023       346|017       3.565000e+02|2.750000e+01       351|1.750000e+01
 10        374|012       388|8.500000e+00       377|020       3.475000e+02|018       381|018       349|2.250000e+01       3.765000e+02|6.500000e+00       3.745000e+02|009       3.425000e+02|2.650000e+01       3.715000e+02|025       3.255000e+02|023       3.885000e+02|1.550000e+01       310|038       3.455000e+02|042       327|041       3.445000e+02|3.050000e+01       3.085000e+02|047       350|032       370|026       3.605000e+02|4.450000e+01       352|018       3.655000e+02|2.750000e+01       335|3.850000e+01       3.605000e+02|036       374|036       335|4.750000e+01       357|2.850000e+01       333|054       333|1.850000e+01       349|3.050000e+01       354|010
 11        3.715000e+02|8.500000e+00       3.865000e+02|6.500000e+00       357|2.150000e+01       3.435000e+02|2.550000e+01       3.795000e+02|8.500000e+00       3.465000e+02|2.150000e+01       3.215000e+02|2.650000e+01       3.355000e+02|031       329|024       355|008       3.535000e+02|2.650000e+01       356|2.350000e+01       3.235000e+02|4.550000e+01       4.045000e+02|1.550000e+01       377|7.500000e+00       330|033       3.025000e+02|048       3.955000e+02|1.350000e+01       369|022       305|056       3.645000e+02|013       344|1.550000e+01       3.345000e+02|028       324|036       341|4.050000e+01       338|041       3.345000e+02|047       3.325000e+02|048       3.435000e+02|015       381|1.050000e+01       338|2.550000e+01
 12        361|1.850000e+01       3.575000e+02|019       352|1.750000e+01       3.165000e+02|3.450000e+01       3.185000e+02|4.550000e+01       3.355000e+02|4.050000e+01       354|025       328|1.750000e+01       355|016       3.315000e+02|2.650000e+01       351|2.050000e+01       328|013       3.305000e+02|2.950000e+01       3.325000e+02|1.950000e+01       3.665000e+02|033       3.495000e+02|022       335|031       359|1.850000e+01       3.315000e+02|056       3.575000e+02|005       3.015000e+02|052       337|1.750000e+01       328|2.050000e+01       3.295000e+02|020       3.405000e+02|3.350000e+01       3.255000e+02|021       4.265000e+02|004       3.565000e+02|9.500000e+00       368|011       3.065000e+02|049       3.795000e+02|5.500000e+00
 13        323|4.350000e+01       3.585000e+02|029       364|2.150000e+01       3.155000e+02|3.050000e+01       3.485000e+02|031       352|2.150000e+01       320|048       3.425000e+02|2.250000e+01       328|038       3.625000e+02|019       3.515000e+02|3.850000e+01       3.035000e+02|040       348|1.950000e+01       3.395000e+02|3.150000e+01       3.505000e+02|023       3.405000e+02|024       3.785000e+02|1.850000e+01       382|013       3.395000e+02|026       351|023       3.285000e+02|3.350000e+01       339|027       380|033       328|4.550000e+01       390|2.850000e+01       330|1.850000e+01       3.555000e+02|3.050000e+01       3.525000e+02|019       315|1.150000e+01       3.585000e+02|2.950000e+01       387|1.250000e+01
 14        372|1.050000e+01       359|6.500000e+00       3.075000e+02|069       372|1.950000e+01       388|1.250000e+01       3.585000e+02|3.650000e+01       341|2.650000e+01       315|3.350000e+01       323|021       3.415000e+02|013       3.325000e+02|032       3.535000e+02|2.350000e+01       329|3.150000e+01       4.225000e+02|013       325|014       390|019       307|051       3.965000e+02|004       3.555000e+02|3.050000e+01       3.375000e+02|1.650000e+01       351|1.850000e+01       3.285000e+02|016       348|027       3.625000e+02|6.500000e+00       3.445000e+02|033       3.375000e+02|018       364|3.150000e+01       3.555000e+02|022       357|8.500000e+00       3.675000e+02|1.350000e+01       3.555000e+02|1.850000e+01
 15        3.165000e+02|2.950000e+01       3.495000e+02|3.750000e+01       338|025       353|021       3.905000e+02|2.250000e+01       3.395000e+02|1.750000e+01       343|029       3.815000e+02|7.500000e+00       3.865000e+02|1.450000e+01       3.935000e+02|014       3.765000e+02|1.850000e+01       326|2.150000e+01       3.195000e+02|2.150000e+01       3.595000e+02|1.350000e+01       3.585000e+02|4.250000e+01       3.565000e+02|036       359|009       357|029       3.865000e+02|5.500000e+00       3.615000e+02|025       332|038       333|029       375|032       3.545000e+02|021       359|2.050000e+01       353|2.950000e+01       3.145000e+02|1.650000e+01       3.565000e+02|026       405|1.250000e+01       371|3.350000e+01       3.765000e+02|011
 16        364|014       337|2.450000e+01       3.645000e+02|013       3.575000e+02|021       375|044       3.735000e+02|1.850000e+01       301|3.250000e+01       3.495000e+02|025       3.405000e+02|014       374|2.050000e+01       347|1.250000e+01       325|018       3.285000e+02|033       3.525000e+02|3.050000e+01       380|014       337|3.450000e+01       332|2.950000e+01       3.405000e+02|023       3.285000e+02|061       3.455000e+02|2.150000e+01       3.725000e+02|020       3.175000e+02|039       370|025       358|018       3.895000e+02|1.750000e+01       3.115000e+02|1.550000e+01       3.585000e+02|3.650000e+01       3.355000e+02|2.550000e+01       3.345000e+02|023       3.675000e+02|1.750000e+01       335|025
 17        338|036       349|2.450000e+01       392|017       3.355000e+02|2.450000e+01       3.155000e+02|3.850000e+01       327|020       345|1.150000e+01       326|2.150000e+01       3.565000e+02|018       392|1.500000e+00       3.505000e+02|1.650000e+01       317|2.350000e+01       3.405000e+02|1.650000e+01       3.465000e+02|023       3.275000e+02|3.550000e+01       3.865000e+02|1.350000e+01       3.515000e+02|014       3.425000e+02|031       340|042       3.265000e+02|027       379|019       353|028       3.205000e+02|3.050000e+01       3.005000e+02|4.850000e+01       3.645000e+02|022       3.605000e+02|025       3.485000e+02|020       420|011       3.595000e+02|012       4.025000e+02|9.500000e+00       390|9.500000e+00
 18        328|028       329|026       346|012       3.245000e+02|040       383|1.450000e+01       3.715000e+02|018       325|3.150000e+01       3.235000e+02|020       380|1.350000e+01       350|024       3.085000e+02|4.150000e+01       3.245000e+02|3.050000e+01       3.345000e+02|2.950000e+01       350|5.250000e+01       332|4.950000e+01       319|023       3.635000e+02|018       343|2.450000e+01       3.445000e+02|021       3.875000e+02|1.050000e+01       3.665000e+02|2.350000e+01       369|1.350000e+01       3.635000e+02|1.950000e+01       3.625000e+02|028       3.725000e+02|021       3.605000e+02|009       3.875000e+02|019       326|041       3.295000e+02|050       3.825000e+02|3.150000e+01       3.365000e+02|3.150000e+01
 19        367|2.150000e+01       364|3.650000e+01       3.735000e+02|2.350000e+01       344|2.150000e+01       361|4.750000e+01       3.415000e+02|3.150000e+01       375|1.250000e+01       3.825000e+02|026       371|030       3.425000e+02|026       391|016       3.765000e+02|009       3.585000e+02|1.450000e+01       3.355000e+02|030       357|9.500000e+00       324|033       3.125000e+02|3.150000e+01       3.345000e+02|3.850000e+01       349|2.550000e+01       3.645000e+02|2.950000e+01       298|032       3.375000e+02|5.050000e+01       324|4.350000e+01       3.295000e+02|4.950000e+01       3.955000e+02|3.050000e+01       3.775000e+02|1.050000e+01       3.635000e+02|1.050000e+01       3.455000e+02|3.350000e+01       3.545000e+02|2.450000e+01       3.565000e+02|3.350000e+01       346|3.550000e+01
 20        3.625000e+02|1.750000e+01       3.205000e+02|1.850000e+01       360|1.050000e+01       346|1.450000e+01       380|2.250000e+01       353|1.850000e+01       3.545000e+02|041       365|014       340|032       3.505000e+02|1.750000e+01       3.885000e+02|025       3.175000e+02|021       3.845000e+02|3.850000e+01       356|2.750000e+01       346|028       326|027       3.465000e+02|3.150000e+01       325|049       328|4.850000e+01       372|009       3.365000e+02|022       3.525000e+02|1.650000e+01       339|1.750000e+01       345|1.350000e+01       371|013       352|011       3.435000e+02|1.550000e+01       3.795000e+02|020       3.765000e+02|1.250000e+01       348|1.950000e+01       363|019
 21        3.585000e+02|031       355|013       3.685000e+02|032       2.975000e+02|3.250000e+01       3.665000e+02|010       323|2.450000e+01       3.735000e+02|042       3.625000e+02|011       3.965000e+02|018       355|2.550000e+01       344|025       355|2.350000e+01       346|025       318|3.550000e+01       3.955000e+02|016       2.805000e+02|4.650000e+01       349|2.550000e+01       4.005000e+02|020       3.315000e+02|2.150000e+01       3.795000e+02|025       3.485000e+02|032       361|1.750000e+01       2.965000e+02|057       341|2.750000e+01       3.445000e+02|3.550000e+01       3.665000e+02|026       3.885000e+02|027       371|027       3.555000e+02|1.850000e+01       373|1.450000e+01       3.625000e+02|016
 22        354|022       354|020       3.155000e+02|038       3.785000e+02|007       359|017       356|1.650000e+01       3.295000e+02|050       3.015000e+02|2.750000e+01       3.395000e+02|2.850000e+01       3.865000e+02|3.050000e+01       341|029       371|032       3.425000e+02|1.550000e+01       359|2.250000e+01       3.255000e+02|031       311|032       3.575000e+02|014       340|3.250000e+01       386|008       2.995000e+02|4.250000e+01       3.105000e+02|2.350000e+01       3.155000e+02|023       315|4.450000e+01       3.535000e+02|2.450000e+01       3.805000e+02|009       375|1.550000e+01       335|4.050000e+01       3.765000e+02|013       3.535000e+02|017       3.565000e+02|024       353|033
 23        3.565000e+02|026       359|016       3.635000e+02|021       355|1.550000e+01       3.805000e+02|1.050000e+01       3.495000e+02|020       4.085000e+02|9.500000e+00       371|020       3.375000e+02|026       386|006       329|3.250000e+01       3.495000e+02|011       343|2.850000e+01       3.965000e+02|7.500000e+00       3.635000e+02|012       3.395000e+02|3.550000e+01       3.365000e+02|017       3.325000e+02|2.450000e+01       3.595000e+02|016       3.905000e+02|1.050000e+01       338|2.850000e+01       322|020       3.695000e+02|005       3.515000e+02|2.550000e+01       375|2.150000e+01       356|014       322|1.150000e+01       3.675000e+02|2.750000e+01       352|020       3.375000e+02|036       356|3.950000e+01
 24        3.415000e+02|035       370|1.350000e+01       3.495000e+02|4.050000e+01       3.575000e+02|9.500000e+00       363|030       327|021       3.405000e+02|1.500000e+00       373|1.750000e+01       341|1.350000e+01       3.975000e+02|2.950000e+01       3.425000e+02|042       3.475000e+02|8.500000e+00       308|3.150000e+01       344|2.450000e+01       329|2.250000e+01       339|2.650000e+01       385|015       3.395000e+02|013       3.615000e+02|2.250000e+01       329|1.550000e+01       352|029       326|4.350000e+01       3.755000e+02|9.500000e+00       3.345000e+02|4.450000e+01       329|2.350000e+01       3.475000e+02|027       335|030       375|1.250000e+01       373|016       370|1.750000e+01       3.225000e+02|004
 25        372|032       351|2.650000e+01       3.545000e+02|1.850000e+01       3.655000e+02|022       352|025       2.785000e+02|055       276|3.450000e+01       359|006       341|017       3.705000e+02|013       327|2.550000e+01       3.395000e+02|3.550000e+01       3.585000e+02|044       3.335000e+02|024       319|2.650000e+01       3.695000e+02|3.250000e+01       352|1.850000e+01       3.485000e+02|2.550000e+01       3.755000e+02|2.250000e+01       370|024       325|3.550000e+01       3.345000e+02|1.650000e+01       3.615000e+02|010       389|9.500000e+00       345|020       336|037       3.755000e+02|034       369|013       3.535000e+02|035       317|031       348|3.150000e+01
 26        377|6.500000e+00       401|024       373|3.550000e+01       3.375000e+02|1.950000e+01       349|018       326|034       3.325000e+02|3.750000e+01       3.205000e+02|014       337|035       365|1.450000e+01       3.275000e+02|020       3.545000e+02|1.750000e+01       3.695000e+02|8.500000e+00       384|005       363|026       3.075000e+02|025       3.525000e+02|1.550000e+01       3.385000e+02|2.950000e+01       354|2.150000e+01       339|027       330|3.350000e+01       346|019       3.405000e+02|024       3.595000e+02|038       3.915000e+02|020       352|1.950000e+01       3.335000e+02|023       3.265000e+02|027       350|1.950000e+01       3.885000e+02|1.150000e+01       365|1.550000e+01
 27        3.545000e+02|2.950000e+01       3.395000e+02|038       341|1.350000e+01       3.495000e+02|1.950000e+01       3.385000e+02|030       324|1.250000e+01       366|012       353|9.500000e+00       360|010       398|022       3.725000e+02|019       3.515000e+02|9.500000e+00       352|019       3.715000e+02|3.350000e+01       360|2.050000e+01       3.445000e+02|3.350000e+01       3.405000e+02|3.650000e+01       378|1.650000e+01       3.555000e+02|1.950000e+01       328|2.150000e+01       3.775000e+02|3.350000e+01       3.415000e+02|026       352|1.500000e+00       3.495000e+02|1.250000e+01       349|028       347|033       3.495000e+02|2.650000e+01       364|1.150000e+01       347|018       345|049       359|1.850000e+01
 28        3.915000e+02|015       3.415000e+02|2.150000e+01       339|045       3.055000e+02|5.050000e+01       3.235000e+02|2.850000e+01       3.785000e+02|2.950000e+01       385|005       3.095000e+02|3.150000e+01       4.045000e+02|022       3.155000e+02|1.650000e+01       3.505000e+02|023       3.475000e+02|029       354|034       3.705000e+02|3.650000e+01       3.565000e+02|2.750000e+01       351|022       3.585000e+02|1.350000e+01       3.495000e+02|3.550000e+01       328|020       326|2.050000e+01       340|2.150000e+01       370|037       356|1.150000e+01       3.765000e+02|1.850000e+01       339|9.500000e+00       3.255000e+02|3.350000e+01       341|033       347|041       347|018       358|005       3.915000e+02|015
 29        3.765000e+02|2.050000e+01       3.545000e+02|1.850000e+01       343|028       3.545000e+02|2.050000e+01       3.935000e+02|1.750000e+01       3.735000e+02|1.350000e+01       3.685000e+02|028       3.575000e+02|013       324|2.850000e+01       371|2.450000e+01       3.475000e+02|036       305|041       3.675000e+02|1.050000e+01       358|1.850000e+01       3.575000e+02|005       3.615000e+02|2.550000e+01       3.495000e+02|2.550000e+01       3.715000e+02|042       382|1.850000e+01       3.435000e+02|033       3.525000e+02|015       304|3.850000e+01       3.045000e+02|057       350|2.150000e+01       3.495000e+02|1.150000e+01       351|1.350000e+01       355|029       3.375000e+02|2.650000e+01       3.825000e+02|5.500000e+00       358|009       316|2.750000e+01
 30        384|1.250000e+01       3.465000e+02|3.150000e+01       3.245000e+02|036       3.545000e+02|020       3.815000e+02|019       3.565000e+02|021       3.695000e+02|013       3.305000e+02|009       3.285000e+02|2.550000e+01       333|3.550000e+01       2.885000e+02|032       334|016       2.945000e+02|4.850000e+01       324|042       327|3.550000e+01       354|036       3.245000e+02|035       362|014       3.695000e+02|024       3.685000e+02|019       390|1.250000e+01       358|1.850000e+01       354|3.550000e+01       341|4.150000e+01       3.775000e+02|2.150000e+01       3.395000e+02|023       4.085000e+02|2.500000e+00       3.585000e+02|1.950000e+01       351|4.250000e+01       410|009       357|003
 31        365|2.550000e+01       343|043       347|2.150000e+01       3.455000e+02|7.500000e+00       3.235000e+02|3.450000e+01       359|2.250000e+01       339|033       3.325000e+02|4.350000e+01       349|1.350000e+01       3.655000e+02|1.150000e+01       347|1.350000e+01       348|2.050000e+01       335|3.350000e+01       3.945000e+02|009       3.785000e+02|030       3.355000e+02|1.650000e+01       3.165000e+02|2.150000e+01       3.465000e+02|2.950000e+01       3.345000e+02|1.850000e+01       3.515000e+02|016       3.645000e+02|009       3.125000e+02|067       3.835000e+02|2.350000e+01       3.715000e+02|9.500000e+00       333|036       355|015       353|2.850000e+01       3.295000e+02|1.850000e+01       3.785000e+02|1.500000e+00       369|032       3.535000e+02|2.500000e+00
 32        319|026       349|042       324|039       3.605000e+02|1.250000e+01       3.545000e+02|022       338|014       337|024       3.725000e+02|8.500000e+00       3.515000e+02|019       3.465000e+02|4.650000e+01       3.455000e+02|1.650000e+01       366|014       3.575000e+02|024       3.615000e+02|020       3.465000e+02|2.350000e+01       3.475000e+02|019       3.565000e+02|1.950000e+01       3.355000e+02|1.750000e+01       3.725000e+02|1.450000e+01       3.475000e+02|026       352|1.150000e+01       294|3.150000e+01       365|018       3.495000e+02|2.350000e+01       346|3.050000e+01       372|1.650000e+01       350|3.550000e+01       3.365000e+02|3.050000e+01       380|019       3.765000e+02|1.850000e+01       3.495000e+02|022
 33        3.875000e+02|2.050000e+01       394|2.450000e+01       3.795000e+02|1.250000e+01       3.855000e+02|1.500000e+00       3.215000e+02|4.750000e+01       342|1.950000e+01       3.495000e+02|3.050000e+01       352|037       366|1.450000e+01       404|8.500000e+00       348|020       3.295000e+02|037       363|9.500000e+00       358|1.450000e+01       343|010       350|031       3.465000e+02|023       3.585000e+02|023       3.505000e+02|029       351|2.150000e+01       3.355000e+02|027       359|3.850000e+01       3.665000e+02|4.050000e+01       351|1.750000e+01       353|039       344|015       3.675000e+02|2.450000e+01       3.635000e+02|018       3.595000e+02|009       349|3.150000e+01       360|6.500000e+00
 34        3.675000e+02|022       385|1.850000e+01       3.425000e+02|030       377|8.500000e+00       4.015000e+02|1.050000e+01       3.225000e+02|1.450000e+01       337|1.650000e+01       3.575000e+02|019       348|2.950000e+01       3.635000e+02|036       3.645000e+02|1.250000e+01       3.685000e+02|2.150000e+01       3.485000e+02|3.050000e+01       307|046       353|2.450000e+01       347|1.450000e+01       340|4.450000e+01       346|019       330|024       368|2.650000e+01       3.255000e+02|035       361|2.550000e+01       4.065000e+02|1.250000e+01       3.565000e+02|007       317|4.250000e+01       3.185000e+02|3.150000e+01       3.725000e+02|1.750000e+01       3.455000e+02|3.950000e+01       3.875000e+02|017       368|041       343|1.750000e+01
 35        3.585000e+02|014       347|1.350000e+01       372|012       362|000       353|011       3.515000e+02|026       360|1.950000e+01       3.315000e+02|013       3.015000e+02|032       371|1.350000e+01       382|008       3.515000e+02|010       3.385000e+02|2.650000e+01       360|1.850000e+01       3.265000e+02|4.550000e+01       349|013       351|019       366|009       373|026       379|2.350000e+01       3.645000e+02|3.450000e+01       3.205000e+02|047       355|014       369|1.850000e+01       3.525000e+02|035       3.115000e+02|047       3.665000e+02|2.650000e+01       3.715000e+02|027       399|011       3.465000e+02|014       3.695000e+02|011
 36        327|029       388|2.050000e+01       3.705000e+02|1.450000e+01       3.475000e+02|2.250000e+01       3.545000e+02|035       320|048       326|5.050000e+01       356|022       322|019       347|038       338|2.050000e+01       3.505000e+02|021       3.105000e+02|050       322|2.750000e+01       363|1.650000e+01       3.595000e+02|025       358|020       352|007       3.855000e+02|2.550000e+01       3.365000e+02|3.550000e+01       343|4.750000e+01       3.525000e+02|1.550000e+01       3.175000e+02|2.950000e+01       324|035       2.925000e+02|3.850000e+01       3.545000e+02|2.550000e+01       342|029       3.465000e+02|035       355|1.550000e+01       316|033       342|3.450000e+01
 37        3.805000e+02|9.500000e+00       3.445000e+02|1.950000e+01       3.425000e+02|038       3.665000e+02|2.950000e+01       3.315000e+02|035       3.385000e+02|032       328|1.450000e+01       366|1.050000e+01       344|034       3.415000e+02|026       366|2.750000e+01       2.895000e+02|2.750000e+01       304|046       331|2.850000e+01       3.385000e+02|032       3.375000e+02|2.550000e+01       372|8.500000e+00       3.745000e+02|017       325|023       3.435000e+02|3.550000e+01       3.635000e+02|3.050000e+01       348|032       3.345000e+02|3.250000e+01       3.805000e+02|1.150000e+01       4.155000e+02|004       3.345000e+02|032       382|021       356|2.350000e+01       3.585000e+02|018       3.525000e+02|3.050000e+01       351|025
 38        3.275000e+02|029       3.655000e+02|011       385|6.500000e+00       3.665000e+02|013       3.735000e+02|004       3.155000e+02|2.450000e+01       3.085000e+02|1.950000e+01       328|1.450000e+01       354|1.750000e+01       3.765000e+02|2.250000e+01       3.475000e+02|3.950000e+01       3.705000e+02|020       3.475000e+02|014       368|017       318|2.450000e+01       3.415000e+02|2.550000e+01       3.805000e+02|012       3.475000e+02|1.650000e+01       3.185000e+02|2.450000e+01       382|5.500000e+00       3.575000e+02|2.450000e+01       3.685000e+02|3.350000e+01       3.615000e+02|028       3.455000e+02|2.450000e+01       400|013       3.615000e+02|029       3.565000e+02|2.350000e+01       3.135000e+02|022       328|018       347|2.350000e+01       360|023
 39        3.915000e+02|1.150000e+01       345|022       405|007       348|1.950000e+01       344|2.150000e+01       3.615000e+02|016       380|1.150000e+01       329|2.150000e+01       346|4.350000e+01       398|023       3.455000e+02|1.350000e+01       3.565000e+02|015       356|026       384|005       347|2.350000e+01       372|022       360|3.050000e+01       332|2.500000e+00       3.645000e+02|3.150000e+01       3.205000e+02|3.850000e+01       341|2.550000e+01       2.705000e+02|4.950000e+01       372|009       3.575000e+02|035       358|039       4.015000e+02|010       3.585000e+02|2.550000e+01       337|028       369|2.950000e+01       358|1.750000e+01       3.515000e+02|1.750000e+01
 40        366|018       3.925000e+02|015       3.615000e+02|1.550000e+01       312|3.050000e+01       314|032       361|1.250000e+01       365|030       3.175000e+02|030       345|2.950000e+01       3.995000e+02|016       3.525000e+02|1.950000e+01       305|035       3.565000e+02|2.350000e+01       338|039       3.695000e+02|042       3.045000e+02|5.850000e+01       3.485000e+02|021       316|045       3.465000e+02|3.550000e+01       329|042       287|049       3.105000e+02|056       3.385000e+02|023       366|023       380|6.500000e+00       3.525000e+02|022       330|4.150000e+01       3.365000e+02|021       369|012       3.815000e+02|2.550000e+01       3.715000e+02|1.550000e+01
 41        3.785000e+02|023       381|012       3.735000e+02|1.050000e+01       3.325000e+02|3.450000e+01       3.155000e+02|2.950000e+01       316|032       3.475000e+02|021       3.605000e+02|012       3.675000e+02|035       349|8.500000e+00       4.015000e+02|026       341|030       3.605000e+02|022       322|014       3.485000e+02|1.450000e+01       306|3.750000e+01       367|2.650000e+01       3.195000e+02|011       397|016       3.345000e+02|5.650000e+01       3.325000e+02|042       3.405000e+02|4.850000e+01       340|031       392|007       333|2.350000e+01       345|3.450000e+01       346|025       369|1.050000e+01       3.755000e+02|2.650000e+01       388|010       3.095000e+02|5.450000e+01
 42        351|017       3.615000e+02|1.150000e+01       3.555000e+02|2.550000e+01       373|1.350000e+01       3.895000e+02|004       3.695000e+02|008       3.645000e+02|1.850000e+01       3.685000e+02|2.850000e+01       3.815000e+02|023       324|033       318|060       3.025000e+02|5.450000e+01       309|029       296|6.350000e+01       3.525000e+02|8.500000e+00       326|3.350000e+01       3.695000e+02|005       3.665000e+02|1.150000e+01       3.445000e+02|1.950000e+01       370|3.450000e+01       359|1.650000e+01       3.285000e+02|1.550000e+01       3.665000e+02|1.450000e+01       378|014       321|2.350000e+01       358|045       3.375000e+02|030       3.835000e+02|1.250000e+01       344|2.250000e+01       351|1.650000e+01       348|3.550000e+01
 43        3.435000e+02|034       335|4.850000e+01       3.245000e+02|1.750000e+01       344|2.450000e+01       3.925000e+02|1.450000e+01       3.565000e+02|2.750000e+01       363|1.950000e+01       331|026       3.595000e+02|8.500000e+00       357|004       349|014       3.435000e+02|012       353|3.550000e+01       3.435000e+02|038       3.465000e+02|1.050000e+01       338|043       3.555000e+02|030       2.735000e+02|033       3.725000e+02|018       342|2.150000e+01       3.605000e+02|1.500000e+00       356|1.750000e+01       338|1.950000e+01       333|041       347|034       3.365000e+02|033       3.405000e+02|3.850000e+01       386|2.550000e+01       323|4.250000e+01       3.355000e+02|2.850000e+01       3.495000e+02|1.650000e+01
 44        386|1.950000e+01       3.455000e+02|9.500000e+00       365|1.050000e+01       3.735000e+02|6.500000e+00       3.705000e+02|4.350000e+01       326|4.050000e+01       325|3.250000e+01       348|007       3.605000e+02|037       3.675000e+02|1.350000e+01       337|2.950000e+01       3.295000e+02|2.950000e+01       360|027       322|2.750000e+01       359|3.550000e+01       3.735000e+02|013       3.235000e+02|2.550000e+01       313|034       3.685000e+02|3.950000e+01       334|2.350000e+01       373|013       358|014       344|028       347|036       354|026       3.385000e+02|050       359|018       350|016       346|4.450000e+01       400|2.150000e+01       3.805000e+02|009
 45        3.705000e+02|4.250000e+01       335|015       3.485000e+02|031       3.385000e+02|1.650000e+01       363|011       3.805000e+02|009       288|3.850000e+01       334|2.950000e+01       341|025       344|020       372|014       3.535000e+02|016       3.825000e+02|010       4.075000e+02|016       2.825000e+02|055       3.275000e+02|027       297|2.450000e+01       376|1.350000e+01       3.635000e+02|1.350000e+01       3.485000e+02|1.250000e+01       339|026       365|022       3.515000e+02|027       3.705000e+02|008       3.415000e+02|039       2.825000e+02|039       329|020       367|1.250000e+01       350|2.450000e+01       3.925000e+02|1.350000e+01       350|2.450000e+01
 46        3.735000e+02|012       3.665000e+02|2.350000e+01       3.695000e+02|2.750000e+01       3.645000e+02|5.500000e+00       342|028       3.395000e+02|022       370|014       356|020       3.655000e+02|014       344|017       3.535000e+02|049       2.925000e+02|049       3.745000e+02|2.750000e+01       3.755000e+02|022       3.235000e+02|2.550000e+01       373|3.550000e+01       314|3.750000e+01       335|008       3.545000e+02|033       3.115000e+02|033       3.435000e+02|044       354|010       3.515000e+02|2.750000e+01       353|020       3.775000e+02|022       3.985000e+02|010       3.295000e+02|026       328|3.650000e+01       3.575000e+02|2.350000e+01       347|019       358|1.050000e+01
 47        304|021       354|1.750000e+01       363|021       352|014       3.435000e+02|3.950000e+01       3.735000e+02|027       3.675000e+02|029       2.985000e+02|2.150000e+01       349|029       3.415000e+02|039       4.035000e+02|1.650000e+01       3.495000e+02|1.750000e+01       356|027       332|3.950000e+01       379|2.750000e+01       364|031       3.775000e+02|038       329|2.850000e+01       3.715000e+02|1.350000e+01       3.285000e+02|2.350000e+01       3.265000e+02|032       391|027       3.805000e+02|014       365|015       3.455000e+02|025       344|1.550000e+01       3.875000e+02|5.500000e+00       3.285000e+02|3.550000e+01       344|030       355|2.350000e+01       345|042
 48        318|4.750000e+01       363|047       3.665000e+02|2.850000e+01       3.625000e+02|1.550000e+01       3.815000e+02|1.350000e+01       323|3.850000e+01       346|3.850000e+01       382|019       305|6.350000e+01       3.915000e+02|024       3.975000e+02|010       362|021       3.645000e+02|1.650000e+01       371|013       4.055000e+02|013       3.235000e+02|048       340|2.550000e+01       3.065000e+02|032       3.325000e+02|041       354|015       3.655000e+02|008       3.495000e+02|022       345|2.550000e+01       3.305000e+02|1.350000e+01       363|1.750000e+01       3.425000e+02|2.750000e+01       362|1.450000e+01       340|026       386|1.150000e+01       3.235000e+02|3.750000e+01       3.435000e+02|028
 49        338|4.850000e+01       3.305000e+02|019       3.135000e+02|2.350000e+01       3.435000e+02|050       3.835000e+02|020       3.745000e+02|5.500000e+00       3.715000e+02|1.350000e+01       353|1.450000e+01       3.915000e+02|024       3.465000e+02|2.350000e+01       369|013       3.245000e+02|1.650000e+01       340|041       3.505000e+02|3.250000e+01       359|011       3.345000e+02|025       3.325000e+02|2.850000e+01       3.345000e+02|022       3.395000e+02|014       335|3.250000e+01       363|3.050000e+01       3.725000e+02|1.750000e+01       3.665000e+02|3.450000e+01       341|2.350000e+01       378|025       349|4.550000e+01       335|032       3.155000e+02|4.150000e+01       3.305000e+02|4.150000e+01       3.665000e+02|2.250000e+01       355|2.150000e+01
 50        3.585000e+02|023       3.505000e+02|2.450000e+01       3.725000e+02|025       342|1.750000e+01       3.495000e+02|3.650000e+01       3.725000e+02|1.150000e+01       323|048       3.095000e+02|035       388|003       351|3.650000e+01       365|024       3.385000e+02|032       365|014       374|005       364|2.350000e+01       350|014       3.575000e+02|1.850000e+01       3.915000e+02|9.500000e+00       372|021       350|006       3.165000e+02|037       346|2.950000e+01       3.735000e+02|1.150000e+01       4.065000e+02|1.850000e+01       370|045       361|1.950000e+01       3.435000e+02|021       3.415000e+02|042       3.315000e+02|4.050000e+01       3.945000e+02|3.250000e+01       3.425000e+02|026


MÉDIA DOS TOTAIS DOS ESCORES DE ACERTOS E ERROS POR CLASSE EM CADA RESOLUÇÃO (50 RODADAS | RESOLUÇÃO DE 5 ATÉ 35%)

       |      1%     |      2%     |      3%     |      4%     |      5%     |      6%     |      7%     |      8%     |      9%     |     10%     |     11%     |     12%     |     13%     |     14%     |     15%     |     16%     |     17%     |     18%     |     19%     |     20%     |     21%     |     22%     |     23%     |     24%     |     25%     |     26%     |     27%     |     28%     |     29%     |     30%     |     31%     
CLASSE |   ACE|ERR   |   ACE|ERR   |   ACE|ERR   |   ACE|ERR   |   ACE|ERR   |   ACE|ERR   |   ACE|ERR   |   ACE|ERR   |   ACE|ERR   |   ACE|ERR   |   ACE|ERR   |   ACE|ERR   |   ACE|ERR   |   ACE|ERR   |   ACE|ERR   |   ACE|ERR   |   ACE|ERR   |   ACE|ERR   |   ACE|ERR   |   ACE|ERR   |   ACE|ERR   |   ACE|ERR   |   ACE|ERR   |   ACE|ERR   |   ACE|ERR   |   ACE|ERR   |   ACE|ERR   |   ACE|ERR   |   ACE|ERR   |   ACE|ERR   |   ACE|ERR   
  1      106.6|013.0   111.0|009.6   110.0|009.8   108.2|010.6   108.0|012.0   108.6|010.7   106.0|012.6   110.6|009.4   107.2|012.7   110.4|009.8   106.2|010.0   106.0|011.2   104.8|012.5   107.2|011.0   109.6|011.1   102.4|014.0   104.4|013.1   108.4|011.0   110.6|011.4   105.8|011.8   103.6|014.0   110.6|011.7   106.4|012.5   108.8|010.4   108.2|011.6   105.6|011.8   110.6|011.3   108.2|010.8   110.6|008.7   113.4|008.2   112.4|007.7
  2      091.6|005.2   091.3|005.3   090.1|006.9   089.8|005.2   094.9|005.1   089.9|005.2   091.3|005.4   092.3|003.7   092.5|004.7   092.8|004.1   094.0|004.5   085.8|005.0   095.0|003.5   091.0|005.7   088.2|005.5   092.0|004.8   092.3|005.0   093.7|003.1   092.7|005.3   088.1|004.4   092.0|004.6   087.4|006.5   087.7|004.7   091.0|004.4   094.0|003.9   091.8|003.6   091.8|004.6   089.9|004.4   091.6|004.0   093.7|005.1   087.9|004.8
  3      055.4|001.8   055.2|001.7   052.2|002.4   048.0|001.5   055.4|002.0   050.9|000.9   050.9|001.7   048.3|001.6   051.3|002.2   055.6|002.5   053.3|004.0   047.7|002.5   052.8|003.5   049.0|003.5   049.5|004.4   047.3|004.7   052.2|002.9   047.0|003.4   051.8|002.9   051.1|004.3   046.4|003.8   044.5|004.0   060.5|003.7   053.3|004.5   052.0|004.6   050.7|003.9   052.4|003.3   052.5|006.2   054.0|003.2   054.5|005.7   053.0|003.8
  4      036.3|002.7   036.1|003.3   033.4|003.2   034.2|002.2   033.7|003.0   031.6|003.0   031.6|002.9   030.4|002.5   031.9|003.4   031.9|003.4   031.8|004.1   031.0|002.7   029.3|004.0   036.2|003.5   030.9|003.0   030.5|003.1   027.3|003.4   030.7|003.6   030.4|003.1   031.9|002.0   029.8|003.6   032.0|003.5   032.6|002.3   030.9|002.8   038.1|002.5   032.1|002.6   031.1|002.3   033.1|002.3   033.2|002.8   030.5|003.4   034.3|002.5
  5      037.4|000.6   036.3|000.8   038.2|000.8   037.1|000.4   037.8|000.6   039.4|000.8   040.1|000.7   037.4|000.7   038.5|000.8   039.7|000.7   039.0|000.6   038.8|001.1   037.5|000.6   039.4|000.8   039.0|000.8   039.3|000.9   038.4|000.8   037.2|000.7   039.3|000.9   040.2|001.1   041.0|000.6   040.0|000.7   039.1|000.7   038.9|000.4   038.6|000.8   040.6|001.4   037.4|001.2   039.0|001.3   036.9|000.7   041.0|000.4   039.1|000.4
  6      022.2|001.1   022.2|001.3   021.6|001.5   022.6|000.9   022.8|001.1   021.2|001.6   022.0|001.4   021.8|001.3   022.6|001.1   023.3|001.0   022.7|001.2   022.4|001.5   021.7|001.6   023.3|001.3   023.1|001.0   023.2|001.1   023.2|000.8   023.1|001.5   022.9|000.9   022.7|001.3   022.7|001.3   022.9|001.3   022.5|001.5   022.4|001.7   023.2|001.3   022.2|001.4   022.6|001.6   022.4|001.5   023.0|001.8   023.0|001.6   022.6|001.7
  7      008.1|000.0   007.3|000.0   007.4|000.0   007.7|000.0   007.7|000.0   007.3|000.0   007.6|000.0   007.4|000.0   007.4|000.0   008.0|000.0   006.1|000.0   007.6|000.0   007.0|000.0   007.5|000.0   006.7|000.0   007.4|000.0   006.7|000.0   006.2|000.0   007.8|000.0   006.5|000.0   006.5|000.0   006.5|000.0   006.5|000.0   007.2|000.0   007.1|000.0   006.0|000.0   007.8|000.0   007.3|000.0   007.5|000.0   006.7|000.0   006.4|000.0

MÉDIA    051.1|003.5   051.3|003.1   050.4|003.5   049.6|003.0   051.5|003.4   049.9|003.2   049.9|003.5   049.7|002.7   050.2|003.6   051.7|003.1   050.4|003.5   048.5|003.4   049.7|003.7   050.5|003.7   049.6|003.7   048.9|004.1   049.2|003.7   049.5|003.3   050.8|003.5   049.5|003.6   048.8|004.0   049.1|003.9   050.8|003.6   050.3|003.4   051.6|003.5   049.9|003.5   050.5|003.5   050.4|003.8   051.0|003.0   051.8|003.5   050.8|003.0
