RESULTADO GERAL DAS MÉTRICAS POR CLASSE E RESOLUÇÕES : GLCM - ACURÁCIA E DESVIO PADRÃO (10 RODADAS | RESOLUÇÃO DE 5 ATÉ 35%)

       |      1%     |      2%     |      3%     |      4%     |      5%     |      6%     |      7%     
CLASSE |   ACC|STD   |   ACC|STD   |   ACC|STD   |   ACC|STD   |   ACC|STD   |   ACC|STD   |   ACC|STD   
  1      0.808|0.110   0.854|0.067   0.769|0.103   0.792|0.103   0.815|0.104   0.746|0.089   0.815|0.121
  2      0.846|0.109   0.785|0.119   0.885|0.091   0.762|0.151   0.854|0.105   0.854|0.085   0.831|0.079
  3      0.523|0.095   0.531|0.133   0.485|0.121   0.454|0.117   0.438|0.126   0.585|0.121   0.523|0.169
  4      0.523|0.149   0.400|0.108   0.415|0.141   0.392|0.123   0.523|0.108   0.462|0.154   0.477|0.135
  5      0.685|0.117   0.746|0.096   0.708|0.125   0.746|0.115   0.777|0.085   0.769|0.089   0.808|0.132
  6      0.777|0.099   0.877|0.074   0.869|0.121   0.877|0.104   0.877|0.083   0.877|0.083   0.923|0.063
  7      0.408|0.089   0.354|0.171   0.431|0.116   0.300|0.085   0.246|0.108   0.346|0.122   0.285|0.063

MÉDIA    0.653|0.110   0.649|0.110   0.652|0.117   0.618|0.114   0.647|0.103   0.663|0.106   0.666|0.109


SOMATÓRIO DOS ESCORES DE ACERTOS E ERROS DAS CLASSES EM CADA RODADA POR RESOLUÇÃO (10 RODADAS | RESOLUÇÃO DE 5 ATÉ 35%)

       |      1%     |      2%     |      3%     |      4%     |      5%     |      6%     |      7%     
RODADA |   ACE|ERR   |   ACE|ERR   |   ACE|ERR   |   ACE|ERR   |   ACE|ERR   |   ACE|ERR   |   ACE|ERR   
  1        363|1.650000e+01       3.815000e+02|013       3.435000e+02|1.550000e+01       304|055       3.355000e+02|2.850000e+01       370|034       350|044
  2        3.455000e+02|4.950000e+01       356|013       3.355000e+02|4.850000e+01       2.945000e+02|033       364|013       3.505000e+02|021       3.685000e+02|2.250000e+01
  3        363|1.650000e+01       3.255000e+02|3.150000e+01       323|050       3.515000e+02|6.500000e+00       355|032       362|2.450000e+01       359|010
  4        3.485000e+02|1.150000e+01       3.465000e+02|021       3.405000e+02|022       3.365000e+02|020       3.385000e+02|032       3.045000e+02|3.250000e+01       362|021
  5        363|1.050000e+01       341|1.950000e+01       345|051       3.155000e+02|3.150000e+01       3.475000e+02|1.450000e+01       330|045       3.355000e+02|024
  6        3.305000e+02|5.250000e+01       323|036       3.445000e+02|030       327|042       3.245000e+02|035       3.345000e+02|2.850000e+01       375|019
  7        3.435000e+02|035       3.395000e+02|014       3.165000e+02|022       3.165000e+02|035       363|2.050000e+01       379|026       380|022
  8        3.625000e+02|4.050000e+01       3.685000e+02|024       3.665000e+02|004       312|025       372|015       3.545000e+02|3.150000e+01       3.475000e+02|2.250000e+01
  9        3.405000e+02|2.750000e+01       313|029       342|4.550000e+01       350|9.500000e+00       342|037       371|1.750000e+01       350|043
 10        3.465000e+02|2.450000e+01       371|1.350000e+01       368|033       3.615000e+02|1.450000e+01       343|3.550000e+01       353|1.550000e+01       317|040


MÉDIA DOS TOTAIS DOS ESCORES DE ACERTOS E ERROS POR CLASSE EM CADA RESOLUÇÃO (10 RODADAS | RESOLUÇÃO DE 5 ATÉ 35%)

       |      1%     |      2%     |      3%     |      4%     |      5%     |      6%     |      7%     
CLASSE |   ACE|ERR   |   ACE|ERR   |   ACE|ERR   |   ACE|ERR   |   ACE|ERR   |   ACE|ERR   |   ACE|ERR   
  1      105.0|015.6   111.0|010.4   100.0|015.8   103.0|012.4   106.0|012.8   097.0|016.9   106.0|013.3
  2      093.5|004.8   086.7|006.5   097.8|004.3   084.2|007.6   094.3|004.9   094.3|004.0   091.8|004.7
  3      051.0|003.6   051.8|000.6   047.3|003.5   044.3|002.4   042.8|004.8   057.0|001.8   051.0|003.9
  4      037.4|003.3   028.6|002.7   029.7|005.7   028.1|002.3   037.4|001.4   033.0|002.0   034.1|002.7
  5      035.6|000.0   038.8|000.8   036.8|001.3   038.8|001.3   040.4|001.3   040.0|002.0   042.0|000.8
  6      020.2|001.2   022.8|000.6   022.6|001.6   022.8|001.4   022.8|001.2   022.8|001.1   024.0|001.5
  7      008.0|000.0   006.9|000.0   008.4|000.0   005.8|000.0   004.8|000.0   006.8|000.0   005.5|000.0

MÉDIA    050.1|004.1   049.5|003.1   048.9|004.6   046.7|003.9   049.8|003.8   050.1|003.9   050.6|003.8
