RESULTADO GERAL DAS MÉTRICAS POR CLASSE E RESOLUÇÕES : GLCM - ACURÁCIA E DESVIO PADRÃO (10 RODADAS | RESOLUÇÃO DE 1 ATÉ 10%)

       |      1%     |      2%     |      3%     |      4%     |      5%     |      6%     |      7%     |      8%     |      9%     |     10%     
CLASSE |   ACC|STD   |   ACC|STD   |   ACC|STD   |   ACC|STD   |   ACC|STD   |   ACC|STD   |   ACC|STD   |   ACC|STD   |   ACC|STD   |   ACC|STD   
  1      0.738|0.127   0.762|0.092   0.815|0.121   0.869|0.073   0.838|0.085   0.846|0.109   0.769|0.115   0.854|0.111   0.815|0.116   0.877|0.127
  2      0.654|0.098   0.754|0.114   0.769|0.120   0.738|0.097   0.762|0.085   0.831|0.079   0.854|0.099   0.785|0.114   0.769|0.136   0.754|0.095
  3      0.338|0.182   0.423|0.083   0.485|0.096   0.446|0.119   0.469|0.105   0.523|0.130   0.446|0.149   0.508|0.175   0.500|0.127   0.500|0.155
  4      0.400|0.130   0.577|0.065   0.492|0.175   0.415|0.127   0.469|0.138   0.546|0.160   0.469|0.143   0.562|0.145   0.538|0.120   0.538|0.136
  5      0.531|0.143   0.538|0.158   0.546|0.099   0.577|0.104   0.615|0.103   0.554|0.119   0.608|0.099   0.569|0.090   0.638|0.126   0.654|0.142
  6      0.846|0.126   0.831|0.049   0.877|0.065   0.885|0.041   0.823|0.109   0.785|0.108   0.892|0.074   0.854|0.092   0.885|0.075   0.900|0.089
  7      0.115|0.075   0.169|0.101   0.154|0.089   0.254|0.126   0.292|0.135   0.354|0.097   0.300|0.147   0.400|0.108   0.477|0.108   0.438|0.115

MÉDIA    0.518|0.126   0.579|0.095   0.591|0.109   0.598|0.098   0.610|0.108   0.634|0.115   0.620|0.118   0.647|0.119   0.660|0.115   0.666|0.123


SOMATÓRIO DOS ESCORES DE ACERTOS E ERROS DAS CLASSES EM CADA RODADA POR RESOLUÇÃO (10 RODADAS | RESOLUÇÃO DE 1 ATÉ 10%)

       |      1%     |      2%     |      3%     |      4%     |      5%     |      6%     |      7%     |      8%     |      9%     |     10%     
RODADA |   ACE|ERR   |   ACE|ERR   |   ACE|ERR   |   ACE|ERR   |   ACE|ERR   |   ACE|ERR   |   ACE|ERR   |   ACE|ERR   |   ACE|ERR   |   ACE|ERR   
  1        208|113       225|116       207|117       220|112       235|092       260|086       269|078       243|080       267|070       234|081
  2        198|143       221|127       227|108       231|097       233|101       249|085       226|112       265|084       267|069       271|060
  3        189|142       254|083       245|110       226|102       237|106       279|081       267|093       246|083       228|077       264|073
  4        208|133       222|126       225|112       252|110       238|083       232|112       240|109       238|094       255|080       269|068
  5        216|125       215|130       238|106       218|104       225|111       205|106       245|082       239|070       211|083       246|088
  6        207|117       224|116       254|098       237|105       258|089       272|081       220|112       239|086       262|077       234|097
  7        205|121       232|097       249|096       243|105       246|080       264|072       238|079       229|093       228|085       243|068
  8        211|128       246|101       222|123       240|087       232|084       262|091       242|085       270|083       246|088       252|080
  9        186|108       242|106       264|099       259|082       254|087       234|104       199|101       260|085       252|087       271|052
 10        224|113       223|119       243|117       235|108       240|103       251|074       262|083       278|081       272|071       253|069


MÉDIA DOS TOTAIS DOS ESCORES DE ACERTOS E ERROS POR CLASSE EM CADA RESOLUÇÃO (10 RODADAS | RESOLUÇÃO DE 1 ATÉ 10%)

       |      1%     |      2%     |      3%     |      4%     |      5%     |      6%     |      7%     |      8%     |      9%     |     10%     
CLASSE |   ACE|ERR   |   ACE|ERR   |   ACE|ERR   |   ACE|ERR   |   ACE|ERR   |   ACE|ERR   |   ACE|ERR   |   ACE|ERR   |   ACE|ERR   |   ACE|ERR   
  1      067.2|012.5   069.3|012.7   074.2|009.3   079.1|007.1   076.3|008.7   077.0|006.6   070.0|012.0   077.7|007.3   074.2|010.1   079.8|005.7
  2      051.0|006.8   058.8|005.1   060.0|004.0   057.6|005.9   059.4|005.3   064.8|003.1   066.6|003.4   061.2|005.3   060.0|004.7   058.8|006.3
  3      022.0|015.6   027.5|014.9   031.5|013.3   029.0|014.1   030.5|012.5   034.0|011.8   029.0|013.3   033.0|010.8   032.5|011.5   032.5|012.5
  4      020.8|015.3   030.0|010.6   025.6|012.7   021.6|015.1   024.4|013.7   028.4|010.9   024.4|012.8   029.2|011.1   028.0|012.1   028.0|011.4
  5      020.7|011.7   021.0|012.1   021.3|011.6   022.5|009.6   024.0|009.6   021.6|010.6   023.7|009.3   022.2|009.3   024.9|007.4   025.5|006.8
  6      022.0|007.2   021.6|007.4   022.8|004.8   023.0|004.5   021.4|005.3   020.4|008.4   023.2|002.8   022.2|005.1   023.0|003.1   023.4|003.3
  7      001.5|055.2   002.2|049.3   002.0|052.9   003.3|044.9   003.8|038.5   004.6|037.8   003.9|039.8   005.2|035.0   006.2|029.8   005.7|027.6

MÉDIA    029.3|017.8   032.9|016.0   033.9|015.5   033.7|014.5   034.3|013.4   035.8|012.7   034.4|013.3   035.8|012.0   035.5|011.2   036.2|010.5
