1436698476433253.000000,35811885892050.000000,1143584287491143.000000,154727388864061440.000000,-91248272790048256.000000,55766411530391552.000000,9489743077146624.000000,0
1195135538914568.000000,12788157371946.000000,1343897571437664.000000,137437672358469632.000000,-70431664961739520.000000,14151133335383552.000000,7519505547565056.000000,0
1239766884223791.000000,-34820807222699.000000,1459774937993680.000000,109871940113653760.000000,-49331052497639168.000000,60804905041473024.000000,86648509180463104.000000,0
1202153718723308.000000,18607656163254.000000,1232976673012041.000000,141387886526873600.000000,-15120647992790528.000000,2576305233571328.000000,-32593741442646016.000000,0
1334819805111708.000000,-79640521615561.000000,1296425920138225.000000,161889920753266688.000000,-53202014128421888.000000,37698880682854400.000000,101788666076676096.000000,0
1195567364786029.000000,36527239501977.000000,1342829790743867.000000,236542140399362048.000000,-134505457769720576.000000,55281439214871552.000000,43525978653337600.000000,0
1221636772797266.000000,22826447077952.000000,1363983970024459.000000,200081219245043712.000000,-63510628266703872.000000,49033058788983296.000000,58836509171542016.000000,0
1310781670954357.000000,-13300518038736.000000,1212408480497019.000000,238773913772404736.000000,-96393652312368896.000000,-38939435776233984.000000,76494229826164736.000000,0
1136625797836802.000000,-29209060070781.000000,1305114147874893.000000,148104968979480576.000000,-54024618649998336.000000,15990535271778304.000000,-27474578780137472.000000,0
1143129225412920.000000,76952539364320.000000,1222292481112542.000000,218528846748176384.000000,-196024644372497408.000000,-52956870002221568.000000,107372400636293120.000000,0
1163112949811405.000000,30355548895908.000000,1284087241411953.000000,126170553638047744.000000,-193529493053514240.000000,-19403288986997760.000000,85278911538597888.000000,0
1168665628999939.000000,12740626740085.000000,1224924548814013.000000,69078486833598464.000000,-102993547658891520.000000,17759679008559616.000000,37987970699728896.000000,0
1231271490024900.000000,-13018326541372.000000,1033046162568656.000000,194135028588920832.000000,-87624651870319104.000000,22058645472084224.000000,29172111182000128.000000,0
1208013764784895.000000,-6618281661424.000000,1108967458710355.000000,187149334937350144.000000,-113662469576069120.000000,-13431878801900544.000000,57840949724336128.000000,0
1145211901492699.000000,31896473031772.000000,1321624312605131.500000,74130998517374976.000000,-135433666404682240.000000,37693627145916416.000000,128622244439382016.000000,0
1150261104369434.000000,-21327522542725.000000,1271927378499309.000000,69813307494801408.000000,-148802755159622656.000000,-1265906988778496.000000,102661168792334336.000000,0
1220340408947180.000000,-63577960440313.000000,1300514727652489.000000,41461864903413760.000000,-180748262096000256.000000,7806927393527296.000000,8767167188119552.000000,0
1120458148972850.000000,-58558091592883.000000,1274069231944853.000000,-2860468297666560.000000,-150998451604597504.000000,51582789419504128.000000,102732803597168640.000000,0
1266264220066078.000000,-9642023088492.000000,1245569699816161.000000,71463708105076736.000000,-100321538447879936.000000,3627997407050240.000000,44885174433869824.000000,0
1194550845467826.000000,28423308516364.000000,1190066012176634.000000,89782996204048384.000000,-109551491720288768.000000,28203558509303808.000000,64638337332430848.000000,0
1151967398390063.000000,108661597747281.000000,1286743495806150.000000,96448413994696704.000000,-140838828578974720.000000,-51769677594040832.000000,75421712786229248.000000,0
1171124033745782.000000,-14732877185448.000000,1298497796662878.000000,89611667656802304.000000,-173658937611416832.000000,16250251164980736.000000,114090987450181632.000000,0
1135461067162359.000000,45915565124588.000000,1204089683976615.000000,90545890843144192.000000,-82999955320276992.000000,40290062015043072.000000,83964613159903232.000000,0
1189873423624568.000000,-5394061740551.000000,1367709266620781.000000,181789971061374976.000000,-145142904463884032.000000,22445341076045312.000000,129127796720457728.000000,0
1218478616049693.000000,36458028674084.000000,1198295303763318.000000,131924973553500160.000000,-162752164906475264.000000,-39926539200465920.000000,5873195365769216.000000,0
1136461683958844.000000,8486729590497.000000,1328027584455563.000000,126095841338052608.000000,-176124220997215488.000000,-390562758581248.000000,68224888568911872.000000,0
1243278031656828.000000,7267922788250.000000,1315224794881537.000000,222411359815041024.000000,9214597724259584.000000,-13006425067999232.000000,-29913278687098880.000000,0
1234078047963719.000000,40666250576942.000000,1168577930121846.000000,173255508586237952.000000,-149272127627259904.000000,-5493042798843392.000000,86778898859755520.000000,0
1117809959492611.000000,43497412743093.000000,1340529965382180.000000,-19071132049960960.000000,-167898046071948032.000000,46174453728220672.000000,166396244280297472.000000,0
1155057635866054.000000,-19966856502246.000000,1228333254177255.000000,221570556415410176.000000,-107907860572034304.000000,36631529288059904.000000,60104076913997824.000000,0
1241672443690709.000000,42632522781736.000000,1228360561416733.000000,48569426434187264.000000,-300749896415668224.000000,-16687484000945152.000000,114088953850134528.000000,0
1216504739278755.000000,27131285040401.000000,1360607192117887.000000,140377126556516352.000000,-159192953556367360.000000,-19558458301879808.000000,36668205540278272.000000,0
1171230474478417.000000,17917545380331.000000,1301410959893266.500000,113034052972326912.000000,-176255212736957440.000000,-5621746881262080.000000,116467176424390656.000000,0
1163439348780050.000000,50802940068241.000000,1152812189967070.500000,72630665581826048.000000,-103478214807477248.000000,66721520533778944.000000,62531489759428608.000000,0
1079963925857508.000000,-75400358902753.000000,1244225773785862.000000,243860211917056000.000000,-85243128856495872.000000,91138057723811328.000000,-21516878683461632.000000,0
1093525972148635.000000,70291668126728.000000,1304313615768352.500000,42492260656394240.000000,-217359180837294848.000000,47975667068775936.000000,201663640515938304.000000,0
1168441466636413.000000,-17820259636074.000000,1259177566663880.000000,33938763053166592.000000,-83258516082286080.000000,23533770503456256.000000,52292730194092032.000000,0
1177368225459375.000000,-24924521329549.000000,1247872370124154.000000,44147678640918528.000000,-41013038210240256.000000,56711227491187712.000000,18673566821218304.000000,0
1162027825575942.000000,-47684345623590.000000,1111039916400496.000000,8577314426372096.000000,-69674193353887232.000000,15744927513881088.000000,36519467910436864.000000,0
1096804524772300.000000,18670202407053.000000,1320649287650912.000000,122166829300883456.000000,-184278694047965440.000000,-26157635680014848.000000,159642027572418560.000000,0
1209544940870012.000000,-137874259401094.000000,1294595279200248.000000,178150032785178624.000000,-134921591442416384.000000,-54914125959500288.000000,72900852961331200.000000,0
1186019279901298.000000,-25218929836125.000000,1320868449570830.000000,140435537742561280.000000,-56983059378454272.000000,18412396629073408.000000,19395656795910144.000000,0
1210914081044833.000000,-94130696060758.000000,1164808683361554.000000,104525806967332864.000000,-167644517115182080.000000,20509422281360384.000000,66583273465018368.000000,0
1147423369284451.000000,5932076502944.000000,1175403946543219.000000,100486455865524224.000000,-168493296886952960.000000,80062253963210752.000000,96892743397453824.000000,0
1109490783322650.000000,27386760270250.000000,1230562400151078.500000,183499041574793216.000000,-126172195483909888.000000,9125430832644608.000000,97984783252989952.000000,0
1257932355919553.000000,-57916554410911.000000,1230765411017934.000000,36177089640419328.000000,-144808868242073600.000000,-18999854445043200.000000,45667874077276160.000000,0
1085526862969739.000000,79907854009472.000000,1277997487797861.000000,118398765116747776.000000,-127769818013879296.000000,21956067640710144.000000,81853882498949120.000000,0
1146169783678406.000000,43578056333122.000000,1266455292586454.000000,56593885314248704.000000,-115976988281283328.000000,18804849373637120.000000,25257858217961472.000000,0
1175976222824238.000000,-24385115441441.000000,1260733958032493.000000,212085801374998528.000000,-114782083006718464.000000,-679038642677760.000000,18491301391472640.000000,0
1203884670027344.000000,48680947841290.000000,1214909786169889.500000,145552695694839808.000000,-104370858820273408.000000,66376569850071552.000000,45779812332308480.000000,0
1231866279866296.000000,-143248594418795.000000,1434070190160792.000000,83490779922698240.000000,-43487325029558272.000000,-52017135305721856.000000,-40221664570671104.000000,1
1205244644627805.000000,62004134670465.000000,1510775212588937.000000,113841730675388416.000000,-16265052695985664.000000,50379708717666816.000000,8168128686651392.000000,1
1213394745413601.000000,67740040348029.000000,1362528250782434.000000,196634087576428544.000000,-164703641300651520.000000,-67646846628209152.000000,37011283567251456.000000,1
1186360039962975.000000,11863207005728.000000,1407524759734258.000000,81990742170488832.000000,-124292900220811776.000000,-31345081611298816.000000,69588671016153088.000000,1
1222765933944642.000000,18124363046078.000000,1598485560725120.000000,175692308059889664.000000,-133179266554532352.000000,6885076947769344.000000,98584014271832064.000000,1
1246918611621177.000000,-12697146577662.000000,1563894988357039.000000,217673694153699328.000000,-209588933374049280.000000,28405431638672896.000000,163393446849490944.000000,1
1360249557318508.000000,-82197115392080.000000,1254152606003227.000000,155416188585910272.000000,-72465399379993088.000000,46730423079857664.000000,45536730245300224.000000,1
1263067640688050.000000,22993656655801.000000,1426548408780575.000000,80571125325754368.000000,-109233413881581056.000000,-49291056752799744.000000,107147527859943424.000000,1
1325662666548078.000000,2167701288429.000000,1511261793589218.000000,-72281956604456960.000000,-109379950986107904.000000,-62924034935154688.000000,83001248260671488.000000,1
1324501603711990.000000,-39991262060753.000000,1500487259602930.000000,10892381612933120.000000,-163370387009707776.000000,-50510617291057152.000000,105031319454191616.000000,1
1220346980800591.000000,-55500488183547.000000,1276091667101091.500000,206499250345152512.000000,-131549677313117952.000000,18412804026996736.000000,141844936895064064.000000,1
1210250018215619.000000,31610116226810.000000,1372611294983825.000000,22218452889550848.000000,-155061472588197632.000000,-4641653243493376.000000,68588442769690624.000000,1
1158628032882987.000000,65756055527294.000000,1437291910261642.500000,153335007737806848.000000,-163249583018473472.000000,-13403544080613376.000000,134560394672093184.000000,1
1245443556333840.000000,1881721367392.000000,1409799652247070.000000,238847994544979968.000000,-104701016189555968.000000,12811602766951936.000000,6515818674593792.000000,1
1162318438342102.000000,124124804029430.000000,1508788225579581.000000,91121122642673664.000000,-84876038975644416.000000,-11975025131301888.000000,30582019723642880.000000,1
1150762057812503.000000,51866728947408.000000,1454995185271296.000000,78385699315343360.000000,33351141081293824.000000,-74249347708812288.000000,-31624052206198784.000000,1
1203222516985115.000000,-10476738244609.000000,1460197920178735.000000,166524685053472768.000000,-111379175524114176.000000,6931212341312512.000000,28214748779972608.000000,1
1185666910977282.000000,32499138816561.000000,1460710834599526.000000,80202729966612480.000000,-32166039863619072.000000,-13496602918168576.000000,-64585210866249728.000000,1
1307504179674956.000000,40243317599116.000000,1364872531408815.000000,112915803018354688.000000,-151448892669450240.000000,-79607013597044736.000000,26243068353703936.000000,1
1196721846281208.000000,29687306807408.000000,1404757711086812.000000,96830654720585728.000000,-105204535726791936.000000,-11850320612495872.000000,40375630319292416.000000,1
1391664238954590.000000,-6828707236436.000000,1320075231353334.000000,96531225228890112.000000,-165138290569527808.000000,-72849739139105792.000000,116608542081996800.000000,1
1261295506818228.000000,-16158183207818.000000,1473011500093900.000000,85911464716640256.000000,-99812109877564672.000000,9760870868665344.000000,-95071972844890112.000000,1
1303680425198446.000000,-23281595724945.000000,1342869307228860.000000,107353648580702208.000000,35308681678344448.000000,-7934201684958720.000000,-64778579264217088.000000,1
1309360725615032.000000,13676305247801.000000,1434161324340097.000000,131557143919910912.000000,-84614819046593792.000000,10160050722821120.000000,11747427691374592.000000,1
1369257884119976.000000,28443949343925.000000,1280485582606042.000000,209687331661799424.000000,-112490402346684928.000000,54974530450083328.000000,20505698707273728.000000,1
1389685325351030.000000,34261638823268.000000,1357324736269946.500000,7461401560678400.000000,-208564628115087872.000000,-19883599958301696.000000,126169792721494016.000000,1
1261975327426206.000000,-60235314026251.000000,1409256075147625.000000,-13352963469799424.000000,-49502633081268736.000000,-57648866752262144.000000,39904726698348544.000000,1
1191616523824408.000000,68290591435539.000000,1460420058860568.000000,-3331543142768640.000000,-125330662978576896.000000,-37248472529089536.000000,25575175597621248.000000,1
1358184545053170.000000,5035303768147.000000,1334009612504691.000000,91176502914035712.000000,-134894867328376832.000000,-716789686978048.000000,13243745915774976.000000,1
1481443199707783.000000,-32803104263688.000000,1269998476044533.000000,38191976951001088.000000,-74161331216868352.000000,12920513260863488.000000,3553344634279936.000000,1
1345662758767453.000000,-1027338564505.000000,1573056392231621.000000,5582965169180672.000000,-86826510322510336.000000,25636997424278016.000000,85772656372176896.000000,1
1381764693586759.000000,32138974572866.000000,1403091963125292.000000,5538286037565440.000000,-29252059715708416.000000,-3122243656225792.000000,-5917801187354624.000000,1
1201156215523984.000000,-44918448961186.000000,1511576976709840.000000,40391512588664832.000000,-67308441540581632.000000,-36155069385077760.000000,3463292087226368.000000,1
1436100096466351.000000,-24477026814824.000000,1309366988567792.000000,160394329612648448.000000,-149808657088113152.000000,-64308211555731968.000000,136848058136524800.000000,1
1347305941339687.000000,-26827091573354.000000,1380084033874337.000000,137574252697436160.000000,85754522815456000.000000,-87382913900999680.000000,-96585849562974208.000000,1
1316735498460322.000000,28954580266507.000000,1311791258771382.500000,205052315809443840.000000,-10209825490594560.000000,89806780162488832.000000,-15327981117956096.000000,1
1395726618806483.000000,-18621735874468.000000,1433275272076475.000000,163956582749618176.000000,-60155972722157056.000000,11434109340460032.000000,9358208163485696.000000,1
1393110593654920.000000,10065094199120.000000,1275993193907910.000000,244955774564315136.000000,-85747201296325632.000000,12803688621139456.000000,-20898283553093632.000000,1
1293624614420948.000000,53610214048190.000000,1373542252495882.000000,30318609934483456.000000,-93039417640961280.000000,37935073557055488.000000,125761332068362240.000000,1
1300261064703221.000000,61684614163229.000000,1403878080434264.000000,87275693411229696.000000,-171442284667516416.000000,12170507017911296.000000,68699233009803264.000000,1
1401568217714547.000000,108803474414152.000000,1233707201942587.000000,127929596797394944.000000,-98523480050418432.000000,19953917338181632.000000,183440080602931200.000000,1
1368565319314669.000000,-2984021863990.000000,1365548670773608.000000,62954996819664896.000000,-4900485899351296.000000,9283562731083776.000000,-11198972669050880.000000,1
1371774498339995.000000,-9258020056445.000000,1293636456497402.500000,141208719036932096.000000,-7671338959007744.000000,54080051386035200.000000,42479520361879552.000000,1
1422233436777883.000000,8881793890148.000000,1293658071154571.000000,106603637652099072.000000,-61960609220247040.000000,52720218899898880.000000,32273913805799424.000000,1
1297512427101915.000000,61627404226727.000000,1599853656652439.000000,251769307618136064.000000,-121991554970361856.000000,55845121261702144.000000,102032546658912256.000000,1
1465468702291406.000000,58292123958610.000000,1484450456533124.000000,78506154915639296.000000,534137611177984.000000,152544471451532800.000000,-122718341141299200.000000,1
1174197081950347.000000,-1824213081090.000000,1646323046504601.000000,70687772812615680.000000,-43890686736724224.000000,3546598187804160.000000,-33006186073284608.000000,1
1366877335866422.000000,-28180727418164.000000,1414257966210977.000000,122845967067467776.000000,-203931369644678144.000000,-3828954634989056.000000,30347887118690304.000000,1
1277463135745110.000000,23616572041250.000000,1424650843053803.000000,142318892903899136.000000,-101645991435865856.000000,5734044923008512.000000,105652531730745344.000000,1
1391516001140209.000000,64029175812608.000000,1215308258426110.000000,122009134209167360.000000,-73600151123316736.000000,46751068502063104.000000,43468768983537664.000000,1
1361691904354646.000000,-12553434489279.000000,1219777714984910.000000,143058954060435456.000000,-126682555970911232.000000,232956920808448.000000,33587580726128640.000000,2
1404335248546749.000000,-3720021522721.000000,1244626197742456.000000,280772442672451584.000000,-107831135130758144.000000,22646673441931264.000000,15622154574645248.000000,2
1209688738506474.000000,72902420508786.000000,1199560325617112.000000,187437001289207808.000000,-51949770373094400.000000,67825742161161216.000000,-254181240354816.000000,2
1297461346816857.000000,19377915630557.000000,1300282763267333.000000,132819677727444992.000000,-175528613395509248.000000,-13800322613598208.000000,90974742353754112.000000,2
1294109207256756.000000,25051138070803.000000,1293088072815364.000000,268928134767046656.000000,-91278356235614976.000000,16521077044160000.000000,-4962138363971584.000000,2
1303555294654623.000000,30608990188751.000000,1213186534970777.000000,262677194913665024.000000,-101925730898703872.000000,8777508040195584.000000,16238788671356928.000000,2
1272499465902120.000000,-8828290343522.000000,1156945787882917.000000,126979505985748992.000000,-171829664697513984.000000,-5145668778883584.000000,63479669852487680.000000,2
1293298095795958.000000,-7680790709434.000000,1267187949361872.000000,226683829636579328.000000,-88807455481810944.000000,-25893262635295744.000000,39394073957855232.000000,2
1181708511546392.000000,-23329092166716.000000,1410409761318456.000000,169592973372411904.000000,-99182300715481856.000000,-11023988421112320.000000,46111174231633920.000000,2
1243712096868270.000000,-32305976443277.000000,1318333872402211.000000,158701028198858752.000000,-113336811173992960.000000,-7823325832591872.000000,79057222843541504.000000,2
1211824170515362.000000,68718866287391.000000,1255257409475063.500000,148241374912380928.000000,-97710097888944896.000000,-31633831632880640.000000,58669705104742400.000000,2
1214875717517040.000000,5005853619702.000000,1492780322363324.000000,147041023714586624.000000,-46193942268572672.000000,33221154955546624.000000,-53827298901467136.000000,2
1179213524991753.000000,54112686799995.000000,1395663890659170.000000,206895846398898176.000000,-67609133443615232.000000,21156645609114112.000000,3701741200447488.000000,2
1330537863322195.000000,19312109929279.000000,1203573997953111.000000,199268321117782016.000000,14172150706302720.000000,17450897300536320.000000,15425659330195456.000000,2
1090344472544241.000000,83225572013208.000000,1474020151456920.000000,129669056964100096.000000,-86451717209898240.000000,-31996059082462208.000000,101133165661915136.000000,2
1085645681419331.000000,56376653975834.000000,1397869563878019.500000,217241362564620288.000000,-19751406157817856.000000,8015323818230272.000000,51439992568455168.000000,2
1243838167777168.000000,-3394141539512.000000,1365035488629044.000000,111947674521616384.000000,-111730761725215744.000000,51548146189849088.000000,-11852570777239552.000000,2
1202715790762121.000000,-10713334435385.000000,1143226136709877.000000,223949684571701248.000000,-118003463750898432.000000,-37510687660064768.000000,108071836960202752.000000,2
1281685648913610.000000,-37754463075674.000000,1199904047612255.000000,102400427537911808.000000,-81182199166200320.000000,17856249224270848.000000,12374156308721664.000000,2
1259575733693702.000000,-4023185364052.000000,1355009340578970.500000,116563219866484736.000000,-187380657228211712.000000,29316011002851840.000000,85662596566249472.000000,2
1229882314961117.000000,-13865798541090.000000,1387828196654371.000000,139063077548122112.000000,-49875116761572608.000000,-69100231563738624.000000,-3057821021280256.000000,2
1173537799183633.000000,-5553454872504.000000,1254966050098947.500000,159600830057656320.000000,-53991921431539456.000000,-5652305892632576.000000,22568618803109888.000000,2
1172762730464856.000000,-48129562517010.000000,1354367933707742.000000,175081372386734080.000000,-103513018084360960.000000,46501322761894912.000000,76798178848909312.000000,2
1157779094513827.000000,19211427794955.000000,1311494962114402.000000,262637976529567744.000000,-114829736755592448.000000,17878321237899776.000000,81620820325427200.000000,2
1340377164901801.000000,-33441367406440.000000,1241064495261842.000000,155785756549787648.000000,-180692073299355392.000000,-2104497390008320.000000,68966118738309120.000000,2
1184295784417841.000000,-75029291829206.000000,1237032157758973.000000,284395223475675136.000000,-15573392622210560.000000,79029393811905024.000000,-23714990716641280.000000,2
1316076078097643.000000,34980717752016.000000,1305002605195760.000000,164743157601517568.000000,-94758174013799936.000000,10931154584143360.000000,-23966278765418496.000000,2
1176827380400774.000000,47916068691847.000000,1232678892739084.500000,154109438853636096.000000,-49066088283483648.000000,-12179396310773248.000000,86447875062439936.000000,2
1158928051694672.000000,13841197169459.000000,1411402399399205.000000,50531834120384512.000000,-59088758693934848.000000,9317875014858240.000000,21741092047222784.000000,2
1230784265071275.000000,58207705754475.000000,1341893189051768.000000,56568136553426944.000000,-144725255860763136.000000,20960698214175744.000000,56257206836619264.000000,2
1170216904959389.000000,6883356459032.000000,1370735443534141.000000,156585856070643712.000000,-180346893375453696.000000,13429704097839616.000000,144497815222921216.000000,2
1159402888534560.000000,-36577606063141.000000,1196179207945092.500000,121149125966716928.000000,-97261725097020160.000000,12893881224539136.000000,89887428964386816.000000,2
1360838814349027.000000,-48490247641425.000000,1277272056543038.500000,40852738512207872.000000,-48207226510080768.000000,-9689993740847104.000000,107044262701715456.000000,2
1234429530699243.000000,97961039414735.000000,1298534159495606.000000,210982333353140224.000000,-80610827120066816.000000,24999508488332800.000000,59046661137905664.000000,2
1345594340782652.000000,33789377318655.000000,1281801092799878.000000,65857190453067776.000000,-141750665420354304.000000,48930040677896704.000000,103984575304523776.000000,2
1095246917581403.000000,-3002036393870.000000,1438912803705700.500000,229142748907847680.000000,-115006630627612672.000000,-3834518124387328.000000,136302294472515584.000000,2
1334645888194125.000000,22390190983394.000000,1079219182827139.000000,101018110885249024.000000,-210144535515144448.000000,21651629229081856.000000,90726154304346112.000000,2
1249590202131281.000000,18402638447491.000000,1312821838844637.000000,160057242362568704.000000,-77476995011586816.000000,-61362830277841920.000000,24590270871152640.000000,2
1198623005898092.000000,10167421910214.000000,1330922642216642.000000,73936820161626112.000000,-159310130834724864.000000,-30419891575183872.000000,57631126120058880.000000,2
1101131871659154.000000,-10371481888131.000000,1500322106697949.000000,183410288031567872.000000,-103057996837089280.000000,30976558683876864.000000,105321476097470464.000000,2
1184757431798417.000000,10370079126370.000000,1423366792765768.000000,130689675199127552.000000,-142340982096878080.000000,9986457701729792.000000,137949113753384960.000000,2
1196946427677413.000000,98812253504534.000000,1393331517561483.000000,143777068046454784.000000,-66867049597742848.000000,-4168031183733248.000000,-21882529885831168.000000,2
1384157503444326.000000,-27807925134376.000000,1081641025821539.000000,202069374367907840.000000,-116410282170674688.000000,-29366373707284480.000000,40834336257566720.000000,2
1325171513986215.000000,57988161171113.000000,1136503141778280.500000,129641326005989376.000000,-154414513450369536.000000,-9826870260500992.000000,86620030806054912.000000,2
1146108092915945.000000,-30670311793684.000000,1535647133770636.000000,-35268503006101504.000000,-101997355763177728.000000,-66124950765665280.000000,51975721269569536.000000,2
1217951570895791.000000,-1683626077480.000000,1372908061894226.000000,151701148243517440.000000,-101083820254644224.000000,80211413036630016.000000,45503545516402688.000000,2
1206404036013287.000000,-25530177123115.000000,1226818398346084.500000,93799461638541312.000000,-171330388769910016.000000,46833336590083584.000000,166703913095604224.000000,2
1197151188740415.000000,-14461034540750.000000,1401640963072211.000000,209780729746747392.000000,-112554265432099328.000000,21701831026827776.000000,93400941061181440.000000,2
1177629126341678.000000,-18406397474830.000000,1281092836604691.000000,30440097806135296.000000,-154289358707778048.000000,-14267326758089216.000000,108665038049079296.000000,2
1246694282998136.000000,-24666928022703.000000,1198207639880120.000000,179927897144606720.000000,-116631951150437376.000000,49106436079823360.000000,68347777973084160.000000,2
1494186855513149.000000,-110798948064140.000000,1416496549639953.000000,175026649995624448.000000,-79803720830612992.000000,-12132338160722944.000000,-38813370916136960.000000,3
1405407908806287.000000,27230336069965.000000,1481306095676602.000000,61648998026911744.000000,-119548409533856000.000000,17442692544497152.000000,143814718484146176.000000,3
1303249621269504.000000,1001250155713.000000,1424510286129333.000000,257435488625844224.000000,-110077832730273536.000000,28000812659269632.000000,95219455300173824.000000,3
1396267645842088.000000,-28920086539110.000000,1480491999055391.000000,203046507442241536.000000,-131506687700562688.000000,-86221205588710400.000000,110889169610547200.000000,3
1385707884371122.000000,12457035599891.000000,1494885238215330.000000,168995671110475776.000000,-191805585124166656.000000,72720497860108800.000000,127316521019600896.000000,3
1486823127854193.000000,-23085428748171.000000,1247939471743854.500000,146073754350874624.000000,-97340466871695360.000000,31657379437351424.000000,99945050426165248.000000,3
1515453031659680.000000,-29373460181073.000000,1364416790526902.500000,165983811906064384.000000,-96279343757973504.000000,6557102884676608.000000,70147250278582272.000000,3
1574427395353470.000000,133711436195635.000000,1220095638339696.000000,183985421253447680.000000,-139066914330403328.000000,6205425023477760.000000,54976629878327296.000000,3
1479624479736678.000000,-44836802893062.000000,1488986102404319.000000,150508218111856640.000000,-81483902474455040.000000,5476893786606592.000000,59090193758738432.000000,3
1575688895673116.000000,22571947205863.000000,1277819937426036.000000,274385340712800256.000000,-89275870438737920.000000,10703643663441920.000000,82611917585399808.000000,3
1231033180673416.000000,33293636918584.000000,1524050635429052.500000,205408434020450304.000000,-58621656992864256.000000,-29803082031594496.000000,103099383263676416.000000,3
1321895184118137.000000,-64056313346592.000000,1437152646912943.000000,179459687912296448.000000,-192111628860327936.000000,17726286734857216.000000,77784871974918144.000000,3
1226555885957852.000000,9641385296877.000000,1353856420107829.000000,212444019070758912.000000,-155257774729351680.000000,9977801735071744.000000,129438237326039040.000000,3
1368757799912711.000000,33308115385817.000000,1273843138980931.000000,304868211612299264.000000,-153934000093144064.000000,28752490397654528.000000,31917110920814592.000000,3
1504151304583607.000000,-61740664989336.000000,1238229317543476.000000,130757873890758656.000000,-94333109009461248.000000,-17305825313117184.000000,41372567830446080.000000,3
1475140570739375.000000,-16153805164921.000000,1306337784964722.000000,116599426990657536.000000,-129269784748567552.000000,28800219989380608.000000,44686956045365248.000000,3
1250504679843159.000000,38246857508268.000000,1494827163152121.500000,162065657202364416.000000,-122015977023136768.000000,3405048266473984.000000,150652089906804736.000000,3
1228458069302136.000000,35469129985684.000000,1427963252549792.000000,119407899043864576.000000,-105402312473003520.000000,-5967988391007744.000000,58071329959405568.000000,3
1324456916485978.000000,-86646677822070.000000,1368530322008739.000000,234725386709635072.000000,-82049513123571712.000000,75562816184568832.000000,75103029533415424.000000,3
1273922634975627.000000,12120984278953.000000,1344150833208197.000000,289729058567989248.000000,-108587013316209408.000000,14424527323876864.000000,50509986147262464.000000,3
1061468617133889.000000,33753852569527.000000,1464104462674538.500000,225688806528532480.000000,-125492840305587712.000000,6620890923435008.000000,178880403548960768.000000,3
1222533667872050.000000,-958193858632.000000,1525574562463934.000000,213489506362892288.000000,-129574172303054592.000000,52675208695342592.000000,103014066751283200.000000,3
1218708413101883.000000,49329233652623.000000,1428372128019892.000000,112026540767494144.000000,-132841534331761664.000000,63151041337644544.000000,67064330760384512.000000,3
1269848574573556.000000,-12189224749959.000000,1231861140214685.500000,248238118794229760.000000,-86858050809392896.000000,71706816025018880.000000,59719847769827328.000000,3
1390537603403241.000000,9139608067964.000000,1285829015385657.000000,172333757407555584.000000,-135821829989833216.000000,24127659649185280.000000,17670496972652544.000000,3
1546892431022667.000000,-110566129351019.000000,1311322685167286.000000,178933987773743104.000000,-180584075708868608.000000,43360578678360064.000000,92980871792275456.000000,3
1450153348605591.000000,-35764155038970.000000,1430183407542740.000000,258459938560942080.000000,-128785595430169600.000000,-75161642772837888.000000,101962584610201600.000000,3
1395794007066777.000000,-54308317226583.000000,1384992027326414.000000,209408950846754816.000000,-180617033752051712.000000,-1093423258645504.000000,116285137257107456.000000,3
1586870048422613.000000,-38149344377364.000000,1218516259922759.000000,178019972841230336.000000,-102634575934676992.000000,-45745419948400128.000000,42760610222145536.000000,3
1401901622941813.000000,12039986361010.000000,1349369405590818.000000,129673700480491520.000000,-41697846244460032.000000,36034107874425856.000000,4328546446219264.000000,3
1305562438089314.000000,5268570160206.000000,1504766922936506.000000,76167686579339264.000000,3932666118170368.000000,29104685626576384.000000,-7022073413419008.000000,3
1169269626286931.000000,-127032844239110.000000,1600420741835194.000000,247343043897237504.000000,-56112080872638976.000000,42609138576898560.000000,101551032853575680.000000,3
1374366601926992.000000,-7507026718173.000000,1319488229736476.000000,216848643225382912.000000,-38651647512242176.000000,-1684261249756160.000000,-8261840985876480.000000,3
1445820587174745.000000,14471653974920.000000,1367636356890125.000000,167119519478657024.000000,-170561289867599360.000000,39898011807990784.000000,85193200379944960.000000,3
1215319620258154.000000,8561157531739.000000,1511003891680321.000000,198874177855418368.000000,-21466988024760576.000000,-50376982540393984.000000,-78641350297626624.000000,3
1347461223408872.000000,32426631623028.000000,1390170786694819.000000,241205446849683456.000000,-143892452481906688.000000,9170599968612352.000000,54112329776087040.000000,3
1195195446044800.000000,43561939213281.000000,1534122361744674.000000,202973106722635776.000000,-91616534549590016.000000,31182629880704512.000000,92958643680901120.000000,3
1311664765070744.000000,-10151326957492.000000,1406523465183635.000000,236152030411972608.000000,-59051363441525248.000000,33644163247611904.000000,62143265645017088.000000,3
1359475037540653.000000,-40161479911665.000000,1427227925681204.000000,230640193486831616.000000,-116216663125986816.000000,-24892648859062272.000000,1509031160395776.000000,3
1418741840299531.000000,-2002891380675.000000,1357265340147178.000000,190405636893646848.000000,-141980567263690240.000000,11196301007368192.000000,101547795477948416.000000,3
1313478054885955.000000,45504265567261.000000,1523929781851964.000000,169721766275837952.000000,-131390497976071936.000000,6462895364005376.000000,107228600815517696.000000,3
1443442871958073.000000,42371117438876.000000,1368499885095211.000000,104128457513672704.000000,-138469834139285504.000000,-42009500401487360.000000,31762155770560512.000000,3
1298642264969249.000000,-11317813231806.000000,1575142115548595.000000,196250488343752704.000000,-107970681777521152.000000,-18836569262088192.000000,32400280105521152.000000,3
1327432373141686.000000,31777926441363.000000,1417814168568018.000000,225428396072607744.000000,-38768814113433600.000000,10701870167953408.000000,17191652075816960.000000,3
1259190461204283.000000,-17669114476736.000000,1532160499980471.000000,195082764954529792.000000,-59962170262360832.000000,-44100833280070656.000000,118874963368157184.000000,3
1227771071599545.000000,-21920015923565.000000,1556916245757522.000000,188661017727238144.000000,-104627364375111168.000000,-12518706881540608.000000,131948868768368640.000000,3
1271824388131723.000000,-14541354234145.000000,1483459673164840.000000,188447641176596480.000000,-207922138414582272.000000,33270135931213824.000000,191989779156285440.000000,3
1345084150279722.000000,23628904255177.000000,1373452476019647.000000,111964476872335360.000000,-146649227756542208.000000,66824218588877824.000000,57040981528244224.000000,3
1501555061956371.000000,-19775690188924.000000,1276408211369022.000000,125827813090820096.000000,-207716962392080384.000000,24965492565916672.000000,90665034475683840.000000,3
1299723201258706.000000,-32309168998841.000000,1478930435217944.000000,154828497854226432.000000,-59762063143930368.000000,19333890985889792.000000,57149363127678976.000000,3
1508724540520377.000000,17905131130386.000000,1508339146547512.000000,22128142729539584.000000,-208708094174580224.000000,49542109535631872.000000,101103817265793024.000000,4
1444832343838928.000000,107386200100331.000000,1455745561227783.000000,268414534296072192.000000,-8131016402802176.000000,-71601048153608192.000000,-41156440416100352.000000,4
1367263598861589.000000,10765565418157.000000,1631212370092986.000000,132026659261853696.000000,-61892966853216512.000000,6776470411030528.000000,43764303579101184.000000,4
1631406154634070.000000,-53973774780944.000000,1247257298913685.000000,71030684512116736.000000,-81346239742228480.000000,64351163517265408.000000,27290691299966976.000000,4
1409063238012107.000000,-46943639524939.000000,1692484932272549.000000,189737499927064576.000000,-49314059697994240.000000,-15640101659240960.000000,90570488087758848.000000,4
1336739775515939.000000,-49384706043469.000000,1559714771682782.000000,33581920992313344.000000,-147755573151631104.000000,18906733955178496.000000,117653899850309632.000000,4
1264459025491947.000000,-104480100013222.000000,1531736125309715.000000,121624252448927744.000000,-49463485720085248.000000,56663639073380352.000000,-11566760748328960.000000,4
1385593464005629.000000,-60227300393357.000000,1459923489703905.000000,201296090869145600.000000,-134647746069718016.000000,7135716778681856.000000,50810282135005184.000000,4
1332833712018139.000000,62689708095699.000000,1346026831481985.000000,183648190228926464.000000,-103936263999256320.000000,47861231797161472.000000,27566015372421120.000000,4
1306531707510469.000000,24070299779626.000000,1527630154189680.000000,81902134356779008.000000,45636928535597824.000000,90252392927947264.000000,-75906907682144256.000000,4
1352791618692151.000000,6587481424529.000000,1511599820412780.000000,220004640886607872.000000,-71013209905069568.000000,-34075939028375040.000000,-25623995163969536.000000,4
1246073849444766.000000,28437156320870.000000,1676374179213025.000000,236834499888328704.000000,-101691007469416448.000000,-17718316491887616.000000,81632790192566272.000000,4
1256823186591684.000000,128581623398517.000000,1542929253567272.500000,-8218877515395072.000000,-91392478983873280.000000,-68514209713681408.000000,92464020169428992.000000,4
1351444231144891.000000,-19868499416305.000000,1521975760462072.000000,226210869882900480.000000,-218419774593140480.000000,6282110301992448.000000,158189748747300864.000000,4
1441358433894715.000000,-68954153476350.000000,1317868401455217.000000,221769750026412032.000000,-169679310823981056.000000,37531245128473600.000000,145394323615141888.000000,4
1288684204925104.000000,-39377341029317.000000,1425659358701822.500000,193431661761818624.000000,-157729735046358528.000000,-13965475095950336.000000,181512287710621696.000000,4
1332894352459557.000000,-40458126634.000000,1592631864920400.000000,196143382520164352.000000,-169354440086277632.000000,52388838143812608.000000,139504997685035008.000000,4
1336563832775356.000000,13394291606278.000000,1530084230898826.500000,196173442202701824.000000,-120160340072243200.000000,-17248283924223488.000000,112030979783462912.000000,4
1362349722597055.000000,46395810691232.000000,1622139880863165.000000,39140690712293376.000000,-191685224965738496.000000,17291330693147136.000000,167807310474688512.000000,4
1378718607596034.000000,-16494840808462.000000,1488989707376751.000000,82536510578425856.000000,-168287096322979584.000000,1661516640331776.000000,123455704844630016.000000,4
1292770560753222.000000,25842082028679.000000,1567789911038042.000000,82910065124773888.000000,-135382541557140224.000000,5580306456855552.000000,110666369575929856.000000,4
1406994118157870.000000,-8812554401282.000000,1423113991722667.000000,210300657095933952.000000,-205392564311851776.000000,80645346195412992.000000,145418917819668480.000000,4
1371313330086557.000000,-79545673722771.000000,1500516170801712.000000,50806897456943104.000000,-54337811346827776.000000,79067427658047488.000000,-388642744489984.000000,4
1485503060272208.000000,-125352789746477.000000,1362333028297580.000000,69860555742044160.000000,-79407094574210560.000000,96612237882089984.000000,52161203272851456.000000,4
1621684947841004.000000,-6073590155811.000000,1281952638795741.000000,17366502756950016.000000,-74800143487582208.000000,-4211436949443072.000000,-1098836811091968.000000,4
1310377935988444.000000,-67608376477011.000000,1546870777934341.000000,81222562767540224.000000,-182643398106551296.000000,6574882250021888.000000,97302806780893184.000000,4
1388892598406013.000000,-48930636734450.000000,1268257664687934.000000,236011854074642432.000000,-32080366589010944.000000,47165569577945600.000000,650235583346688.000000,4
1098892759252202.000000,-49254451544248.000000,1642830194105800.500000,167965422546898944.000000,-140197909632369920.000000,-51489085187206144.000000,193662957209784320.000000,4
1444463878179831.000000,24192647344747.000000,1310667158004244.000000,116837898270470144.000000,-116302632009153024.000000,38887925469658112.000000,30959695311984640.000000,4
1232450411144985.000000,76701090157046.000000,1535113205761282.500000,88186245818183680.000000,-119264861573452544.000000,-9271560293581824.000000,93627612192024576.000000,4
1125928731016312.000000,85240265321330.000000,1706632496164281.000000,212839264988651520.000000,-33596418122535936.000000,43211478899196928.000000,23562649582026752.000000,4
1339123362062727.000000,-28504925232572.000000,1487133037077311.000000,194153488242118656.000000,-191529718972125952.000000,-103872486516736.000000,135107102942310400.000000,4
1361074861999056.000000,45125215455816.000000,1320526572621687.000000,225139692847067136.000000,-142998106774680064.000000,67093674449894912.000000,70248731222228992.000000,4
1247214846990765.000000,-8660588042321.000000,1484463955014997.000000,227505164320296960.000000,-124381817738821888.000000,-16068457129152000.000000,115185995334096896.000000,4
1344268204052971.000000,85127871940115.000000,1389087372943744.500000,128961885284311040.000000,-213123353035917824.000000,113051156260158464.000000,169640320039448576.000000,4
1447190885333408.000000,-17242308062962.000000,1582970910528614.000000,150712405177585664.000000,-187763358413846016.000000,28139308126598656.000000,134611466656897024.000000,4
1199634397859458.000000,63767259072181.000000,1567766611542769.500000,272850037488435200.000000,-66167090821799936.000000,-5338698747837952.000000,55318469546027008.000000,4
1399798912830634.000000,-91446980370157.000000,1401955645735921.500000,200161128671707136.000000,-156195820561231360.000000,43486051802202112.000000,114683636341372928.000000,4
1417324759130609.000000,-56795270515559.000000,1399396476284968.500000,336314354289950720.000000,-104865971379579136.000000,-60724589920635392.000000,130887537455534080.000000,4
1316823158269294.000000,-35081732472367.000000,1563432464002585.500000,265467933050499072.000000,-170895147739974912.000000,-36419598270845440.000000,194640536083943424.000000,4
1182826793814616.000000,-23587894038858.000000,1512651303569604.000000,312071568039661568.000000,38125303007479808.000000,-26737759909937664.000000,-58534559620884480.000000,4
1324600404940017.000000,5527996418495.000000,1454998102914056.500000,219162604815630336.000000,-126728516362866944.000000,5627813175129600.000000,133826197541904384.000000,4
1310204875568933.000000,55621674036817.000000,1505317878189121.500000,298014417720860672.000000,-123652846946343168.000000,-4073745767395328.000000,143789701083045888.000000,4
1371084491936638.000000,-35316010453277.000000,1436957734611026.000000,75817002928549888.000000,-178015647725684224.000000,30813341591770624.000000,-12114459664654336.000000,4
1291070619870309.000000,-43019160557446.000000,1339558797002043.000000,154865849806794752.000000,-92758951243176448.000000,-17647058066916352.000000,20308323671056384.000000,4
1220052666059084.000000,96167850121339.000000,1495860042208869.000000,131759968638140416.000000,-50927201958053376.000000,-4071903545886208.000000,3307103254155264.000000,4
1540001373628592.000000,-37868602940347.000000,1293291640815655.000000,199572066774061056.000000,-228361433217154560.000000,52344897400822784.000000,71023145829419008.000000,4
1358036806884271.000000,-20055090489775.000000,1711103899743882.000000,201820072797089792.000000,-105182858789396992.000000,-76637930254605824.000000,23685495554908160.000000,4
1267223475814754.000000,113432206400097.000000,1455402684379751.000000,285948392258000896.000000,-101649194688004608.000000,864737181233152.000000,129015994784313344.000000,4
1333979635292745.000000,28689942438418.000000,1419306240104217.500000,244190682145370112.000000,-117339397748731648.000000,17682208941851648.000000,113664071022024704.000000,4
1275485436152261.000000,-13525638757766.000000,989361017968321.000000,214274621707739136.000000,-182526656542399232.000000,-18499809173913600.000000,80490206079598592.000000,5
1222654791010455.000000,-9868266284034.000000,1119180684391508.000000,139998375100940288.000000,-80605999958767616.000000,41953312461671424.000000,4966238107840512.000000,5
1059098354420350.000000,62598109136266.000000,1363438614431191.500000,138431834531799040.000000,-10738111749385216.000000,-22922398069581312.000000,-31784322422329344.000000,5
1195101365552865.000000,6730313121035.000000,1142031750290500.500000,238516614385811456.000000,-94565861949534464.000000,52009361301441280.000000,94781419848003584.000000,5
1207286540100796.000000,-96549188045730.000000,989358842912165.500000,252037034850795520.000000,-69193642213947392.000000,-52027776777013248.000000,73665501958252544.000000,5
1327168220956176.000000,98469916795170.000000,1010248844465154.500000,185173572120797184.000000,-30439668538619904.000000,-71186035383997184.000000,-11994234126004224.000000,5
1036120244128785.000000,19336393375834.000000,1271205660796044.500000,174147156759330816.000000,-39338102164120832.000000,-17630125839314432.000000,63732897021517824.000000,5
1138720565945976.000000,-20658077299956.000000,1179851457855380.000000,161355793857802240.000000,-52024663279475712.000000,104048107546345984.000000,-8919775868389376.000000,5
1092155286901473.000000,10175621456715.000000,1153192154282768.000000,183731927778402304.000000,-78667416561425664.000000,64019389657244160.000000,106289191623002112.000000,5
1174079912229282.000000,-6844510243356.000000,1090081736840372.500000,176373323097980928.000000,-128184651991444480.000000,12493571891468288.000000,104655234303887360.000000,5
1165848831424343.000000,23793915932428.000000,1141704275927967.500000,211510671654119424.000000,-25277688234946560.000000,71143913184491776.000000,2208482778574848.000000,5
1307962034793237.000000,-27263398135561.000000,1127899201531838.500000,169350123189481472.000000,-44000584726284032.000000,106456529256098304.000000,38494780138999808.000000,5
1254696834808482.000000,-19504121929617.000000,1023926726984864.000000,115026688100233216.000000,-77326865981049600.000000,63170711462712064.000000,98728212949899264.000000,5
1129875664997260.000000,-8802121079734.000000,1123512570427166.000000,243212799580196864.000000,40514566382691072.000000,57335848904210432.000000,-27753923433605120.000000,5
1138588671151983.000000,6506258239941.000000,1182158476738141.500000,214305110744104960.000000,15350524167952640.000000,14027913602159104.000000,25034659540948992.000000,5
1213686156833277.000000,-104514259730980.000000,1109939539965667.000000,129434396016558080.000000,18326166633376000.000000,101396606900595712.000000,32898355297751040.000000,5
1314832132256599.000000,-8777635042672.000000,1058847486204692.000000,187579280648204288.000000,-63721225877485312.000000,-82196670092378112.000000,-5306638705168384.000000,5
1294615343540088.000000,58132891675354.000000,1101758827784040.500000,207928843726209024.000000,-91618337520388096.000000,-37739533089124352.000000,58926882957029376.000000,5
1187499313465238.000000,-52294838326854.000000,1332816304392388.000000,179318129769910272.000000,-150782483114919424.000000,1426230804974080.000000,63277563518797824.000000,5
1316175631209228.000000,59804914283124.000000,942569035591040.000000,131177729854644224.000000,-153959099891460608.000000,36966991644809472.000000,63481501764866048.000000,5
1132110693068565.000000,38753948120562.000000,1126213306779341.500000,135605732536811520.000000,-18698811837031424.000000,-28231974586664960.000000,11884593848559616.000000,5
1287052624313526.000000,-27378583814723.000000,1141597309734866.000000,164746544533213184.000000,-126045578032767744.000000,29746260519424000.000000,89400969198866432.000000,5
1379239080232686.000000,-2683994277444.000000,933711788029478.000000,192991755031412736.000000,-87703118399712768.000000,30915094455022336.000000,114964317509863424.000000,5
1150944282813812.000000,-30283499250023.000000,1148078857863060.000000,203857980129857536.000000,-71640604864500224.000000,66035755825094400.000000,54382166068191232.000000,5
1120033229670790.000000,45070983253694.000000,1195054262257423.500000,169022658886647808.000000,-44095142401423616.000000,-91079289300485120.000000,100374493727088640.000000,5
1103893675277266.000000,-67285148589998.000000,1226156534820022.500000,146895774061264896.000000,-67540512816484608.000000,64871240509531648.000000,61760317088800768.000000,5
1169015975742082.000000,-34100105808369.000000,1180705418697238.500000,192514665241686016.000000,-39069779179283712.000000,-24803756963118080.000000,58774237146511360.000000,5
1093719921329664.000000,-2825948739715.000000,1178371573031953.500000,155129616179654656.000000,-109782332532008192.000000,47744934886550528.000000,69011891925413888.000000,5
1104563013236125.000000,-23020032009831.000000,1313973698561168.000000,109792698705694720.000000,-133350824927025152.000000,20861003005676032.000000,42687874383216640.000000,5
1314555382696851.000000,31566086913907.000000,1032091757444266.500000,167970415956033536.000000,-93763882698457344.000000,41682977803167488.000000,34141057818634240.000000,5
1203388828052435.000000,-27774905950216.000000,1176857738943128.000000,141152206523805696.000000,-89010867036266496.000000,69782923779010048.000000,43804763246540800.000000,5
1242843968539325.000000,65320999028893.000000,1189240273050831.500000,203854780935069696.000000,-61004573704817152.000000,-82007403826806784.000000,76088353368803328.000000,5
1049689757762481.000000,123996403289262.000000,1430248762402348.500000,107584334190546944.000000,-13820863741892864.000000,-62735217935340032.000000,-854168695105536.000000,5
1233499313705692.000000,324588523396.000000,1068414831528284.000000,157209327865217024.000000,-55038498308362752.000000,66977480046697728.000000,28862756905867264.000000,5
1241043194650966.000000,-34561616282713.000000,1019994252216383.000000,170309947450707968.000000,-26844540522808064.000000,49290424652701184.000000,28831536486483968.000000,5
1064393697591924.000000,6153859191250.000000,1154529795802001.500000,195263018146340864.000000,-49116702891562496.000000,4578907755313664.000000,21744173825273856.000000,5
1174344003292624.000000,-45995273112279.000000,1142502402322029.500000,165219083097120768.000000,-110714631241140992.000000,-19308137095894016.000000,140202673402890240.000000,5
1171800262762582.000000,-28954644194152.000000,1148782769981586.000000,176276852104888320.000000,-24728250803988480.000000,-11255765154456576.000000,-13775272536442880.000000,5
1081120017135759.000000,68111099096135.000000,1340559250768652.000000,45403919871143936.000000,-112309752761716736.000000,9266651069091328.000000,202610367118139392.000000,5
1253281830402406.000000,2569242270163.000000,1129738438669437.500000,144510909445279744.000000,-250231427002247680.000000,79746668024690944.000000,97473247817943040.000000,5
1079977177394760.000000,13554550122671.000000,1108871872488820.500000,54833485946224640.000000,-65511616964240896.000000,43525168253423104.000000,85712998781818880.000000,5
1249439515927336.000000,-15751747634982.000000,989587363135026.000000,123454208470458368.000000,-101700796249034496.000000,9294587778046464.000000,58754499237904384.000000,5
1142380614320655.000000,-46288639650381.000000,1132060572025571.500000,68686366742708224.000000,-117265984919417088.000000,-12161556687440896.000000,132541336411891712.000000,5
1045236843919269.000000,-20724443390217.000000,1222206249460753.500000,93941578428911616.000000,-71421972665703168.000000,13590940663601664.000000,4455302443079680.000000,5
1215762362481357.000000,53538493012926.000000,1150122828624094.500000,88408417797132288.000000,-108909918113792512.000000,117543400391572992.000000,77563744291207168.000000,5
1155711161839349.000000,-45944843017460.000000,1209165186671024.500000,66640010624192512.000000,-86707784952304384.000000,48889936847438848.000000,26278435462817792.000000,5
1299394184306408.000000,-92329162785325.000000,983196540983244.000000,118387913864650752.000000,-80175032433060864.000000,72661840561530368.000000,62308070314422272.000000,5
1041510166886784.000000,39503587502103.000000,1244139338828391.500000,82405749827932160.000000,-21120464393990400.000000,10203154137802240.000000,1957682857203712.000000,5
1183485184545764.000000,-55513125514166.000000,1129771729983506.000000,102239689987158016.000000,-5038434593571072.000000,34459258524563456.000000,-10660882993166336.000000,5
1189458724591242.000000,3726019127789.000000,1090096512251444.000000,111259240683819008.000000,-139315707367041280.000000,-36072497900786688.000000,17515401904609280.000000,5
1162345535891939.000000,29976753663061.000000,1048918972412316.000000,274877873811881984.000000,19157497513193472.000000,-19845948450043648.000000,-27373225869355008.000000,6
1179344301654777.000000,-22458471134549.000000,1208069004884023.000000,185813541542141952.000000,23411554155076608.000000,-5962632562260992.000000,-28242757125509120.000000,6
1279040583908909.000000,32171288165111.000000,1249147685556431.000000,138785470486904832.000000,-89037652117232128.000000,-37393203917017600.000000,45418826271289344.000000,6
1189935435677779.000000,-7840800060002.000000,1237202432640140.000000,174260260062765056.000000,-12374130834056704.000000,-85887926513192448.000000,11563313013456896.000000,6
1189224462388526.000000,146702883726152.000000,1264267538712547.000000,154635589620781056.000000,-1531185125940736.000000,-101666250018191872.000000,-37759120785254400.000000,6
1238762463841156.000000,37873644219539.000000,1063328835283482.500000,211691836612030464.000000,-26924681921354240.000000,-29466659147211264.000000,50237199682942976.000000,6
1081073304576381.000000,-41528907523257.000000,1266887229837652.500000,10895321098948608.000000,-95661783176872448.000000,-1810575726547456.000000,135445506725269504.000000,6
1181810959009949.000000,-9807775668064.000000,1436247415352426.500000,238157949244575744.000000,-103905995814295808.000000,3370346418628608.000000,95601286770130944.000000,6
1182933406798096.000000,-37407694762360.000000,1294873294959728.500000,234999078394707968.000000,-26672481718980096.000000,-20570510426636800.000000,-14010717657438208.000000,6
1209657990519575.000000,-14018364376888.000000,1242197591678972.500000,111052938617974784.000000,-100364296379968768.000000,-14603430270953472.000000,76189758598733824.000000,6
1247261322503473.000000,-123494437060424.000000,1157132392220332.000000,200473967681703936.000000,-56738561408580864.000000,-8544412738810880.000000,77186851777742848.000000,6
1197883414846222.000000,-84692928675785.000000,1153462230256337.500000,146100472343584768.000000,-110261185599283456.000000,73252075288802304.000000,98270024270684160.000000,6
1150202956042721.000000,-15744403909391.000000,1416687522696526.500000,71825095388065792.000000,-15849958574819840.000000,17111868445473280.000000,82799459874041856.000000,6
1215024074994555.000000,-22989503129055.000000,1249304633136408.000000,91501576638291968.000000,-74540823174920192.000000,25256560529732096.000000,90921123535220736.000000,6
1112066527183379.000000,80588610324501.000000,1301088874657982.000000,118497561548632064.000000,-69712381149052416.000000,15378676072395776.000000,108139016468428800.000000,6
1078707683659656.000000,34315961117687.000000,1346983945622818.500000,246098143910449152.000000,-66746423827892992.000000,30178002388191232.000000,59942689679456256.000000,6
1214874747942430.000000,-65687814686822.000000,1182263827591008.000000,71674672823848960.000000,-56360923094943744.000000,20589956973521920.000000,-23578273880604672.000000,6
1299466034988299.000000,-69663724654739.000000,1197580529972871.000000,215696706685513728.000000,-68056941436668160.000000,-10473590045526528.000000,54550892963907584.000000,6
1354032012076248.000000,-2318485755071.000000,1076662203836062.000000,153908143452057600.000000,-95834763508300288.000000,-42547521227925248.000000,57910716137914368.000000,6
1213935266478919.000000,18800518359995.000000,1207513056076539.500000,175793577666363392.000000,-59983730734452992.000000,-20285627121399808.000000,89092886755770368.000000,6
1219541067952336.000000,12645618152768.000000,1271357913648219.500000,120619360883601408.000000,-122825862178704128.000000,11067956515186176.000000,107102939254444032.000000,6
1227576662063881.000000,-14314363708834.000000,1289365564181952.000000,58737561167298560.000000,-124764841802255104.000000,66087098528976384.000000,28593414070374400.000000,6
1108622069130240.000000,-20364664815209.000000,1338295464489292.500000,173333156705644544.000000,-71866660891044608.000000,15542619441890816.000000,105309500544143360.000000,6
1317139096526757.000000,-54512974894453.000000,1093132537830098.500000,226594035752407040.000000,-93633363190017024.000000,-28949591894518016.000000,77057056676630528.000000,6
1293413561882182.000000,-68493386027749.000000,1086499812473596.000000,192975549477822464.000000,-89360686829055488.000000,28480160321726464.000000,56215033037447168.000000,6
1313526679253127.000000,23559345347166.000000,1405731335968536.500000,152862258815795200.000000,-73697059846508800.000000,5270940943299072.000000,82641141336150016.000000,6
1182521967016920.000000,2944958304309.000000,1325582475974250.000000,80742410913050624.000000,-42611651454707456.000000,-36128711385823232.000000,8645677077743616.000000,6
1131450857290662.000000,27767661646151.000000,1304305519051620.000000,171916364277891072.000000,-24266703731819520.000000,32883817449647104.000000,52227558993711104.000000,6
1319306435842719.000000,6378976592550.000000,1259690303528654.000000,152184612220882944.000000,-110955463698014720.000000,-12627638827440128.000000,96599482413942784.000000,6
1129753878036741.000000,-17814087135974.000000,1311837810022240.500000,282373664385568768.000000,1519626607624960.000000,-68753974618351616.000000,29862508861886464.000000,6
1379272169726947.000000,-8020354387129.000000,1161955621684278.500000,8996132003016704.000000,-84876174239480320.000000,36864489322882048.000000,67043390490634240.000000,6
1259351680227902.000000,-64592198862049.000000,1164106430477840.500000,218360440691036160.000000,-92467048042074624.000000,11673618132862976.000000,110250034346579968.000000,6
1373659189426654.000000,51341669647577.000000,1254899989113732.000000,75069242598178816.000000,-259625721558673920.000000,4228339629640192.000000,68680849327996928.000000,6
1166036435862691.000000,18659319891863.000000,1362985799662916.500000,84798170582032384.000000,-44599906143869184.000000,42842023509975040.000000,72032201579741184.000000,6
1152248043868077.000000,-45905156889969.000000,1173866501177764.000000,167967021450670080.000000,-78965908636982784.000000,-22261707046001664.000000,84081043222681600.000000,6
1163764989646681.000000,-5245011646120.000000,1284731134165019.000000,81742645026066432.000000,-21406605634095104.000000,-24001832078868992.000000,19927540870836224.000000,6
1229386270769954.000000,9815945493633.000000,1284432163415347.000000,170228978945224704.000000,-71486949895940096.000000,25028335929346048.000000,131422089902856192.000000,6
1191809337793091.000000,37508056663547.000000,1299065043832604.000000,206681869341171712.000000,37674004236036352.000000,-2742414562544640.000000,-7655875248498688.000000,6
1168020182752041.000000,40651925295227.000000,1427614397667667.000000,176328842646278144.000000,-44246348495660288.000000,-20594539421319680.000000,27438340773050368.000000,6
1299538416850631.000000,138043690181189.000000,1140332885101441.500000,131287217436459008.000000,-19229240280349184.000000,-61252895765716480.000000,20578988920702976.000000,6
1273615791908642.000000,-23735850595245.000000,1298385059901675.000000,101574963087290368.000000,-2577243634825472.000000,-30397846884512768.000000,57978665671102464.000000,6
1266464569573375.000000,-4751936982456.000000,1284833585968907.500000,186852997533536256.000000,-19210719082805760.000000,-19480773799824384.000000,54615746835189760.000000,6
1374955680465755.000000,10749651257975.000000,1136256071146677.000000,44430036710748160.000000,-81284770850602496.000000,-5444238864541184.000000,61562647381706752.000000,6
1233913408722014.000000,65940959873952.000000,1283131050025445.500000,69537642040500224.000000,-21905724555199488.000000,-42956998272526336.000000,37789032424857600.000000,6
1569145179874427.000000,47724564572734.000000,1267761207445628.000000,-20824261980602368.000000,-128431901726832128.000000,16128512894643200.000000,66508707149068288.000000,6
1314051338758906.000000,-19750996488811.000000,1243207911881535.000000,159142446287917056.000000,-139530491186106368.000000,31710622583290880.000000,51731633606901760.000000,6
1306977039901730.000000,-125609009630554.000000,1086861695341541.500000,185186799286775808.000000,-112289442319063808.000000,-1109629344785920.000000,124193989109323776.000000,6
1333890905596618.000000,-13781834390272.000000,1233806471365637.000000,63547571475767296.000000,-79780284409311744.000000,28004373646221312.000000,-3321437551685632.000000,6
1392873338630609.000000,-14539317141956.000000,1170559762887431.000000,62640175873798144.000000,-83892896921293824.000000,23763945317929984.000000,25186318268405760.000000,6
1309188901863790.000000,-22295469048347.000000,1298475294559852.000000,231333265160597504.000000,-157308265204722688.000000,38072751681671168.000000,11435047515478016.000000,6
