350 7 7
0 1 1436698504331264.000000 35811886104576.000000 1143584300466176.000000 154727382249373696.000000 -91248272420634624.000000 55766409422045184.000000 9489743125413888.000000 
1 1 195135530860544.000000 12788157120512.000000 1343897548619776.000000 137437673571745792.000000 -70431665448550400.000000 14151133408788480.000000 7519505798397952.000000 
2 1 239766884843520.000000 -34820807720960.000000 1459774960959488.000000 109871937810857984.000000 -49331053764018176.000000 60804904276459520.000000 86648508475506688.000000 
3 1 202153725526016.000000 18607656402944.000000 1232976662757376.000000 141387883842895872.000000 -15120648187674624.000000 2576305262428160.000000 -32593742305165312.000000 
4 1 334819812704256.000000 -79640521605120.000000 1296425946185728.000000 161889927410221056.000000 -53202013298622464.000000 37698882167111680.000000 101788663330897920.000000 
5 1 195567359623168.000000 36527241428992.000000 1342829846593536.000000 236542145551400960.000000 -134505456449093632.000000 55281438894850048.000000 43525980261711872.000000 
6 1 221636770922496.000000 22826446749696.000000 1363984036921344.000000 200081223282851840.000000 -63510626298757120.000000 49033060343087104.000000 58836507879800832.000000 
7 1 310781686054912.000000 -13300517568512.000000 1212408467030016.000000 238773913637617664.000000 -96393651831177216.000000 -38939436225921024.000000 76494226535219200.000000 
8 1 136625795366912.000000 -29209059655680.000000 1305114128154624.000000 148104972175671296.000000 -54024619794890752.000000 15990534757679104.000000 -27474579374997504.000000 
9 1 143129231491072.000000 76952543166464.000000 1222292528955392.000000 218528846553546752.000000 -196024643851649024.000000 -52956869450268672.000000 107372404283539456.000000 
10 1 163112942567424.000000 30355549585408.000000 1284087176232960.000000 126170557015130112.000000 -193529491190972416.000000 -19403290001276928.000000 85278912124289024.000000 
11 1 168665630638080.000000 12740626219008.000000 1224924538601472.000000 69078488757305344.000000 -102993547686313984.000000 17759679031541760.000000 37987972120838144.000000 
12 1 231271489863680.000000 -13018326892544.000000 1033046136455168.000000 194135030040100864.000000 -87624651462672384.000000 22058644942094336.000000 29172111511650304.000000 
13 1 208013772193792.000000 -6618281410560.000000 1108967468040192.000000 187149334452633600.000000 -113662469787877376.000000 -13431878858047488.000000 57840951640457216.000000 
14 1 145211904753664.000000 31896473960448.000000 1321624250875904.000000 74130998090006528.000000 -135433667601235968.000000 37693625127141376.000000 128622244606771200.000000 
15 1 150261108572160.000000 -21327522037760.000000 1271927318511616.000000 69813306122043392.000000 -148802749742448640.000000 -1265906982322176.000000 102661168757211136.000000 
16 1 220340412219392.000000 -63577960480768.000000 1300514755051520.000000 41461866223894528.000000 -180748269813497856.000000 7806927157329920.000000 8767166954340352.000000 
17 1 120458145955840.000000 -58558091624448.000000 1274069165015040.000000 -2860468351795200.000000 -150998457283248128.000000 51582789153193984.000000 102732800221773824.000000 
18 1 266264215814144.000000 -9642023321600.000000 1245569641086976.000000 71463707435073536.000000 -100321536862322688.000000 3627997529636864.000000 44885174202138624.000000 
19 1 194550844882944.000000 28423309230080.000000 1190066047156224.000000 89782992787996672.000000 -109551490300903424.000000 28203557731696640.000000 64638338681798656.000000 
20 1 151967401771008.000000 108661598846976.000000 1286743479287808.000000 96448412664201216.000000 -140838832403644416.000000 -51769676065144832.000000 75421713071865856.000000 
21 1 171124029652992.000000 -14732877627392.000000 1298497731035136.000000 89611666542559232.000000 -173658945255112704.000000 16250251430068224.000000 114090987264933888.000000 
22 1 135461070700544.000000 45915565981696.000000 1204089652248576.000000 90545890648915968.000000 -82999959527358464.000000 40290061706592256.000000 83964609182040064.000000 
23 1 189873424171008.000000 -5394061590528.000000 1367709249961984.000000 181789971181469696.000000 -145142905030311936.000000 22445340175106048.000000 129127796617248768.000000 
24 1 218478611005440.000000 36458027024384.000000 1198295338713088.000000 131924971378180096.000000 -162752167864696832.000000 -39926539969626112.000000 5873195441717248.000000 
25 1 136461680640000.000000 8486729547776.000000 1328027644461056.000000 126095841764048896.000000 -176124222123278336.000000 -390562750398464.000000 68224889777029120.000000 
26 1 243278037385216.000000 7267923001344.000000 1315224749604864.000000 222411359550177280.000000 9214597856755712.000000 -13006424766414848.000000 -29913278985535488.000000 
27 1 234078049665024.000000 40666251919360.000000 1168577923121152.000000 173255510387064832.000000 -149272120948424704.000000 -5493043054510080.000000 86778895092678656.000000 
28 1 117809963073536.000000 43497411313664.000000 1340530025824256.000000 -19071132262989824.000000 -167898054081380352.000000 46174454664921088.000000 166396241456922624.000000 
29 1 155057630740480.000000 -19966856265728.000000 1228333266239488.000000 221570559572443136.000000 -107907857856331776.000000 36631531254448128.000000 60104077282902016.000000 
30 1 241672441036800.000000 42632524857344.000000 1228360512438272.000000 48569427213418496.000000 -300749896581906432.000000 -16687484469510144.000000 114088951450435584.000000 
31 1 216504737988608.000000 27131285340160.000000 1360607253102592.000000 140377123419324416.000000 -159192945646370816.000000 -19558458579746816.000000 36668205980188672.000000 
32 1 171230481088512.000000 17917544497152.000000 1301410926821376.000000 113034055942930432.000000 -176255218625806336.000000 -5621747118243840.000000 116467177921445888.000000 
33 1 163439343304704.000000 50802940968960.000000 1152812171919360.000000 72630662934298624.000000 -103478217565798400.000000 66721522374410240.000000 62531489719386112.000000 
34 1 79963927609344.000000 -75400357085184.000000 1244225718976512.000000 243860220067971072.000000 -85243126456778752.000000 91138054969884672.000000 -21516877767376896.000000 
35 1 93525974712320.000000 70291669647360.000000 1304313653624832.000000 42492258942976000.000000 -217359172340023296.000000 47975665164615680.000000 201663643853520896.000000 
36 1 168441470255104.000000 -17820259713024.000000 1259177573875712.000000 33938762853515264.000000 -83258516558577664.000000 23533770787258368.000000 52292730067353600.000000 
37 1 177368224235520.000000 -24924521496576.000000 1247872414646272.000000 44147676777807872.000000 -41013037846495232.000000 56711229212721152.000000 18673566467751936.000000 
38 1 162027825790976.000000 -47684345921536.000000 1111039923978240.000000 8577314367471616.000000 -69674192131325952.000000 15744927052857344.000000 36519466967760896.000000 
39 1 96804527931392.000000 18670201864192.000000 1320649293299712.000000 122166831451471872.000000 -184278698571071488.000000 -26157635027861504.000000 159642027426840576.000000 
40 1 209544944812032.000000 -137874263506944.000000 1294595216375808.000000 178150037937717248.000000 -134921587240468480.000000 -54914124701761536.000000 72900850736955392.000000 
41 1 186019278225408.000000 -25218930180096.000000 1320868470849536.000000 140435534974550016.000000 -56983057692884992.000000 18412395948933120.000000 19395657844391936.000000 
42 1 210914083078144.000000 -94130692685824.000000 1164808686665728.000000 104525803038965760.000000 -167644513571962880.000000 20509422321139712.000000 66583271672119296.000000 
43 1 147423376703488.000000 5932076498944.000000 1175403968331776.000000 100486455016554496.000000 -168493302188867584.000000 80062253436502016.000000 96892744210841600.000000 
44 1 109490779193344.000000 27386760396800.000000 1230562354266112.000000 183499041747763200.000000 -126172197692637184.000000 9125431114465280.000000 97984782595522560.000000 
45 1 257932348358656.000000 -57916556050432.000000 1230765425688576.000000 36177089354792960.000000 -144808859653898240.000000 -18999855133229056.000000 45667876157259776.000000 
46 1 85526866558976.000000 79907858153472.000000 1277997449478144.000000 118398762153410560.000000 -127769813857599488.000000 21956068238163968.000000 81853881864159232.000000 
47 1 146169783123968.000000 43578055196672.000000 1266455261741056.000000 56593886411227136.000000 -115976984714018816.000000 18804848585605120.000000 25257858706702336.000000 
48 1 175976218624000.000000 -24385115127808.000000 1260733962649600.000000 212085794314125312.000000 -114782081862598656.000000 -679038624464896.000000 18491300940611584.000000 
49 1 203884664455168.000000 48680946106368.000000 1214909748609024.000000 145552696449957888.000000 -104370857798795264.000000 66376567781064704.000000 45779811594928128.000000 
50 2 231866275725312.000000 -143248601382912.000000 1434070252781568.000000 83490779800010752.000000 -43487325556047872.000000 -52017134900871168.000000 -40221664352403456.000000 
51 2 205244642361344.000000 62004135985152.000000 1510775147462656.000000 113841733132877824.000000 -16265052961112064.000000 50379708684042240.000000 8168128538214400.000000 
52 2 213394745458688.000000 67740039643136.000000 1362528311443456.000000 196634082531082240.000000 -164703646385176576.000000 -67646847308529664.000000 37011283672825856.000000 
53 2 186360040259584.000000 11863207182336.000000 1407524804755456.000000 81990745292013568.000000 -124292900392534016.000000 -31345081495584768.000000 69588670742528000.000000 
54 2 222765927890944.000000 18124363530240.000000 1598485627404288.000000 175692303032123392.000000 -133179265037369344.000000 6885076851752960.000000 98584016432660480.000000 
55 2 246918609371136.000000 -12697147015168.000000 1563895034544128.000000 217673701385043968.000000 -209588940846399488.000000 28405431932026880.000000 163393440841728000.000000 
56 2 360249542311936.000000 -82197117665280.000000 1254152596357120.000000 155416191924436992.000000 -72465401182683136.000000 46730421001519104.000000 45536729330876416.000000 
57 2 263067636072448.000000 22993656872960.000000 1426548422868992.000000 80571121161732096.000000 -109233413612896256.000000 -49291054733590528.000000 107147528385855488.000000 
58 2 325662673993728.000000 2167701241856.000000 1511261820944384.000000 -72281954539536384.000000 -109379949307101184.000000 -62924036845338624.000000 83001248017547264.000000 
59 2 324501589983232.000000 -39991262576640.000000 1500487224393728.000000 10892381733781504.000000 -163370385457283072.000000 -50510619287224320.000000 105031320689704960.000000 
60 2 220346988888064.000000 -55500490145792.000000 1276091691958272.000000 206499244452872192.000000 -131549677135855616.000000 18412803970826240.000000 141844937082667008.000000 
61 2 210250024091648.000000 31610116243456.000000 1372611284041728.000000 22218452085243904.000000 -155061479165394944.000000 -4641653298036736.000000 68588441578766336.000000 
62 2 158628040409088.000000 65756054159360.000000 1437291880906752.000000 153335005391618048.000000 -163249576617181184.000000 -13403543885053952.000000 134560397670744064.000000 
63 2 245443556540416.000000 1881721405440.000000 1409799661027328.000000 238847993233539072.000000 -104701011934838784.000000 12811602902384640.000000 6515818649092096.000000 
64 2 162318440726528.000000 124124806512640.000000 1508788188217344.000000 91121124208803840.000000 -84876035601989632.000000 -11975024877502464.000000 30582020425908224.000000 
65 2 150762059464704.000000 51866729709568.000000 1454995199229952.000000 78385695772639232.000000 33351140460462080.000000 -74249350208815104.000000 -31624052506361856.000000 
66 2 203222518071296.000000 -10476738052096.000000 1460197881020416.000000 166524678158942208.000000 -111379179273977856.000000 6931212316704768.000000 28214748268986368.000000 
67 2 185666906357760.000000 32499138822144.000000 1460710861176832.000000 80202733226819584.000000 -32166040871895040.000000 -13496602941456384.000000 -64585209936347136.000000 
68 2 307504189800448.000000 40243319275520.000000 1364872558280704.000000 112915806903336960.000000 -151448896273383424.000000 -79607012672929792.000000 26243068369829888.000000 
69 2 196721850187776.000000 29687306780672.000000 1404757772075008.000000 96830656163610624.000000 -105204536720752640.000000 -11850320502063104.000000 40375630340030464.000000 
70 2 391664241737728.000000 -6828707020800.000000 1320075244077056.000000 96531228223602688.000000 -165138297075531776.000000 -72849740626132992.000000 116608542475026432.000000 
71 2 261295509078016.000000 -16158182866944.000000 1473011513294848.000000 85911466317709312.000000 -99812110791344128.000000 9760870452166656.000000 -95071970135113728.000000 
72 2 303680427393024.000000 -23281595842560.000000 1342869306605568.000000 107353652456325120.000000 35308681327280128.000000 -7934201533825024.000000 -64778577953947648.000000 
73 2 309360722968576.000000 13676305186816.000000 1434161386618880.000000 131557141789016064.000000 -84614815691046912.000000 10160051155107840.000000 11747428118036480.000000 
74 2 369257900670976.000000 28443949400064.000000 1280485577719808.000000 209687329957216256.000000 -112490398982602752.000000 54974529121812480.000000 20505698584494080.000000 
75 2 389685335556096.000000 34261637791744.000000 1357324690128896.000000 7461401333334016.000000 -208564625506041856.000000 -19883600488955904.000000 126169792510951424.000000 
76 2 261975321870336.000000 -60235314102272.000000 1409256079228928.000000 -13352963128950784.000000 -49502633412526080.000000 -57648867818078208.000000 39904725830729728.000000 
77 2 191616526581760.000000 68290592374784.000000 1460420011360256.000000 -3331543049175040.000000 -125330658980528128.000000 -37248473241747456.000000 25575175185498112.000000 
78 2 358184535457792.000000 5035303895040.000000 1334009594380288.000000 91176503517118464.000000 -134894863953952768.000000 -716789709275136.000000 13243746405580800.000000 
79 2 481443184640000.000000 -32803104227328.000000 1269998475542528.000000 38191978772430848.000000 -74161329149050880.000000 12920513609334784.000000 3553344555581440.000000 
80 2 345662759632896.000000 -1027338534912.000000 1573056334004224.000000 5582965174173696.000000 -86826509100122112.000000 25636996944756736.000000 85772652974702592.000000 
81 2 381764677664768.000000 32138973937664.000000 1403091995852800.000000 5538286240006144.000000 -29252060180381696.000000 -3122243655696384.000000 -5917801361440768.000000 
82 2 201156219371520.000000 -44918449897472.000000 1511576964169728.000000 40391513129091072.000000 -67308442540310528.000000 -36155069057466368.000000 3463291976286208.000000 
83 2 436100107599872.000000 -24477027008512.000000 1309366951084032.000000 160394333898407936.000000 -149808665442910208.000000 -64308210315558912.000000 136848060461350912.000000 
84 2 347305953722368.000000 -26827091345408.000000 1380083990265856.000000 137574253531758592.000000 85754519622778880.000000 -87382913523384320.000000 -96585851617673216.000000 
85 2 316735483805696.000000 28954580746240.000000 1311791191687168.000000 205052321510457344.000000 -10209825531101184.000000 89806778316881920.000000 -15327981291438080.000000 
86 2 395726609711104.000000 -18621736681472.000000 1433275281178624.000000 163956579773710336.000000 -60155973372739584.000000 11434109180051456.000000 9358208678232064.000000 
87 2 393110605529088.000000 10065094377472.000000 1275993176145920.000000 244955780325834752.000000 -85747200998506496.000000 12803688351399936.000000 -20898284365152256.000000 
88 2 293624600330240.000000 53610213801984.000000 1373542218203136.000000 30318610081644544.000000 -93039419811954688.000000 37935075303620608.000000 125761332531167232.000000 
89 2 300261063000064.000000 61684613906432.000000 1403878109085696.000000 87275693959806976.000000 -171442278273908736.000000 12170507092754432.000000 68699234555133952.000000 
90 2 401568201441280.000000 108803475374080.000000 1233707209850880.000000 127929595230945280.000000 -98523483163590656.000000 19953917693526016.000000 183440080436723712.000000 
91 2 368565303640064.000000 -2984021852160.000000 1365548612976640.000000 62954994969608192.000000 -4900485744033792.000000 9283563220369408.000000 -11198972605497344.000000 
92 2 371774483070976.000000 -9258020110336.000000 1293636499144704.000000 141208714987175936.000000 -7671338797891584.000000 54080050642812928.000000 42479520069976064.000000 
93 2 422233436585984.000000 8881794187264.000000 1293658108198912.000000 106603639497293824.000000 -61960611256336384.000000 52720221047226368.000000 32273913270501376.000000 
94 2 297512418148352.000000 61627403599872.000000 1599853708705792.000000 251769299264339968.000000 -121991553836122112.000000 55845123287678976.000000 102032548753833984.000000 
95 2 465468691316736.000000 58292122419200.000000 1484450487599104.000000 78506152425422848.000000 534137601523712.000000 152544473711116288.000000 -122718339612016640.000000 
96 2 174197078753280.000000 -1824213041152.000000 1646323107364864.000000 70687774348410880.000000 -43890687409651712.000000 3546598235701248.000000 -33006185867116544.000000 
97 2 366877347938304.000000 -28180727463936.000000 1414257971298304.000000 122845968860184576.000000 -203931369405939712.000000 -3828954754449408.000000 30347886726217728.000000 
98 2 277463141711872.000000 23616571834368.000000 1424650852630528.000000 142318895313715200.000000 -101645993107259392.000000 5734044943777792.000000 105652527579529216.000000 
99 2 391515998257152.000000 64029175316480.000000 1215308241043456.000000 122009137432231936.000000 -73600148722155520.000000 46751066909310976.000000 43468767002361856.000000 
100 3 361691913125888.000000 -12553434431488.000000 1219777691385856.000000 143058952538554368.000000 -126682560066486272.000000 232956928983040.000000 33587580557590528.000000 
101 3 404335234121728.000000 -3720021540864.000000 1244626224676864.000000 280772440320114688.000000 -107831132560556032.000000 22646673209556992.000000 15622154338959360.000000 
102 3 209688742330368.000000 72902422560768.000000 1199560340799488.000000 187436994182250496.000000 -51949768338833408.000000 67825741286342656.000000 -254181248073728.000000 
103 3 297461348302848.000000 19377915166720.000000 1300282826817536.000000 132819681785413632.000000 -175528613238538240.000000 -13800322627534848.000000 90974743133421568.000000 
104 3 294109193437184.000000 25051137048576.000000 1293088085508096.000000 268928140288458752.000000 -91278354371575808.000000 16521077035368448.000000 -4962138388955136.000000 
105 3 303555302916096.000000 30608990404608.000000 1213186527199232.000000 262677193346252800.000000 -101925732917182464.000000 8777508161847296.000000 16238788162355200.000000 
106 3 272499468140544.000000 -8828290596864.000000 1156945809506304.000000 126979505515397120.000000 -171829667144138752.000000 -5145668783964160.000000 63479668174487552.000000 
107 3 293298082152448.000000 -7680790888448.000000 1267187956318208.000000 226683821217546240.000000 -88807459686187008.000000 -25893262610923520.000000 39394075694071808.000000 
108 3 181708506791936.000000 -23329092141056.000000 1410409814818816.000000 169592968435466240.000000 -99182296787058688.000000 -11023988121665536.000000 46111172616781824.000000 
109 3 243712097517568.000000 -32305976442880.000000 1318333903273984.000000 158701034452025344.000000 -113336808187625472.000000 -7823325879336960.000000 79057222499303424.000000 
110 3 211824163160064.000000 68718864367616.000000 1255257342476288.000000 148241380336992256.000000 -97710093667139584.000000 -31633832146894848.000000 58669704234926080.000000 
111 3 214875720646656.000000 5005853589504.000000 1492780308234240.000000 147041022877106176.000000 -46193940931543040.000000 33221155422732288.000000 -53827300407377920.000000 
112 3 179213516668928.000000 54112687226880.000000 1395663849914368.000000 206895841732984832.000000 -67609133200703488.000000 21156645975359488.000000 3701741312802816.000000 
113 3 330537864527872.000000 19312110731264.000000 1203573987737600.000000 199268323412672512.000000 14172150831251456.000000 17450897726504960.000000 15425659585167360.000000 
114 3 90344469299200.000000 83225569394688.000000 1474020159520768.000000 129669056985825280.000000 -86451713074003968.000000 -31996058951221248.000000 101133165422182400.000000 
115 3 85645682802688.000000 56376655085568.000000 1397869584056320.000000 217241369977028608.000000 -19751405690552320.000000 8015323802370048.000000 51439994375503872.000000 
116 3 243838161518592.000000 -3394141421568.000000 1365035498602496.000000 111947678325145600.000000 -111730765296828416.000000 51548145946984448.000000 -11852571064926208.000000 
117 3 202715795816448.000000 -10713334546432.000000 1143226073350144.000000 223949679396651008.000000 -118003461953421312.000000 -37510689585102848.000000 108071839707693056.000000 
118 3 281685664989184.000000 -37754461224960.000000 1199904072400896.000000 102400429882605568.000000 -81182200518672384.000000 17856249223708672.000000 12374156188319744.000000 
119 3 259575726997504.000000 -4023185309696.000000 1355009300103168.000000 116563221980119040.000000 -187380661391196160.000000 29316010095935488.000000 85662598732709888.000000 
120 3 229882319601664.000000 -13865798598656.000000 1387828218953728.000000 139063078175113216.000000 -49875118746238976.000000 -69100229881757696.000000 -3057821025304576.000000 
121 3 173537801273344.000000 -5553455104000.000000 1254966090006528.000000 159600830100537344.000000 -53991922208866304.000000 -5652305810554880.000000 22568618621403136.000000 
122 3 172762727448576.000000 -48129562902528.000000 1354367873581056.000000 175081369704071168.000000 -103513015390830592.000000 46501323150983168.000000 76798181370757120.000000 
123 3 157779096502272.000000 19211428560896.000000 1311494973161472.000000 262637971704905728.000000 -114829738819715072.000000 17878321060642816.000000 81620819758809088.000000 
124 3 340377164840960.000000 -33441368244224.000000 1241064488828928.000000 155785748090454016.000000 -180692074461396992.000000 -2104497333600256.000000 68966119527940096.000000 
125 3 184295788380160.000000 -75029295398912.000000 1237032185626624.000000 284395228054421504.000000 -15573392501506048.000000 79029391111225344.000000 -23714990489862144.000000 
126 3 316076072108032.000000 34980717658112.000000 1305002593222656.000000 164743160084299776.000000 -94758171234533376.000000 10931154551046144.000000 -23966278288932864.000000 
127 3 176827377123328.000000 47916068634624.000000 1232678833618944.000000 154109439534694400.000000 -49066088641593344.000000 -12179396601315328.000000 86447873373241344.000000 
128 3 158928050585600.000000 13841196908544.000000 1411402354917376.000000 50531832130699264.000000 -59088759899029504.000000 9317874640355328.000000 21741092240097280.000000 
129 3 230784262733824.000000 58207703662592.000000 1341893141069824.000000 56568138082287616.000000 -144725262410448896.000000 20960698829897728.000000 56257208219860992.000000 
130 3 170216902361088.000000 6883356704768.000000 1370735457075200.000000 156585848958091264.000000 -180346896529752064.000000 13429704530853888.000000 144497818122321920.000000 
131 3 159402896130048.000000 -36577606631424.000000 1196179262013440.000000 121149121770815488.000000 -97261724851240960.000000 12893881590874112.000000 89887429212766208.000000 
132 3 360838825246720.000000 -48490247880704.000000 1277272002658304.000000 40852736782106624.000000 -48207228326379520.000000 -9689993828106240.000000 107044260192190464.000000 
133 3 234429532340224.000000 97961040150528.000000 1298534104039424.000000 210982331316436992.000000 -80610823839416320.000000 24999507833913344.000000 59046660629594112.000000 
134 3 345594342146048.000000 33789378035712.000000 1281801045671936.000000 65857190270861312.000000 -141750662550519808.000000 48930041257525248.000000 103984577030127616.000000 
135 3 95246914420736.000000 -3002036387840.000000 1438912828407808.000000 229142741534113792.000000 -115006631342768128.000000 -3834518079275008.000000 136302290377113600.000000 
136 3 334645900083200.000000 22390190899200.000000 1079219182370816.000000 101018111838257152.000000 -210144537815810048.000000 21651630218805248.000000 90726150426329088.000000 
137 3 249590196469760.000000 18402638823424.000000 1312821849620480.000000 160057247685148672.000000 -77476992361955328.000000 -61362829118144512.000000 24590270465048576.000000 
138 3 198623010750464.000000 10167421763584.000000 1330922586636288.000000 73936822618554368.000000 -159310129534074880.000000 -30419891852935168.000000 57631125308178432.000000 
139 3 101131875254272.000000 -10371481993216.000000 1500322136588288.000000 183410290543558656.000000 -103057997965557760.000000 30976558269202432.000000 105321480090288128.000000 
140 3 184757430255616.000000 10370078998528.000000 1423366791626752.000000 130689678654308352.000000 -142340980035551232.000000 9986457166938112.000000 137949109687418880.000000 
141 3 196946430001152.000000 98812257370112.000000 1393331548454912.000000 143777071070445568.000000 -66867048751300608.000000 -4168031148179456.000000 -21882529808121856.000000 
142 3 384157511319552.000000 -27807925141504.000000 1081641007054848.000000 202069380824039424.000000 -116410278194708480.000000 -29366372882448384.000000 40834337142210560.000000 
143 3 325171504218112.000000 57988161208320.000000 1136503107354624.000000 129641328676962304.000000 -154414519651663872.000000 -9826870140862464.000000 86620032842334208.000000 
144 3 146108093300736.000000 -30670311129088.000000 1535647168856064.000000 -35268504055709696.000000 -101997355791810560.000000 -66124951416995840.000000 51975722826203136.000000 
145 3 217951571542016.000000 -1683626131456.000000 1372908039438336.000000 151701148292612096.000000 -101083816247951360.000000 80211409060757504.000000 45503546413547520.000000 
146 3 206404031873024.000000 -25530176897024.000000 1226818350743552.000000 93799465814589440.000000 -171330385785913344.000000 46833337007865856.000000 166703915734138880.000000 
147 3 197151195922432.000000 -14461034299392.000000 1401640967995392.000000 209780736905969664.000000 -112554265146294272.000000 21701831944044544.000000 93400944389128192.000000 
148 3 177629126721536.000000 -18406396919808.000000 1281092778721280.000000 30440097526579200.000000 -154289364304658432.000000 -14267326232788992.000000 108665034820812800.000000 
149 3 246694281216000.000000 -24666928316416.000000 1198207694536704.000000 179927896700223488.000000 -116631950046789632.000000 49106435564371968.000000 68347777381302272.000000 
150 4 494186855923712.000000 -110798949056512.000000 1416496588783616.000000 175026651820720128.000000 -79803722175086592.000000 -12132337718394880.000000 -38813370345848832.000000 
151 4 405407902203904.000000 27230335926272.000000 1481306034667520.000000 61648998494109696.000000 -119548413229400064.000000 17442692191485952.000000 143814720753762304.000000 
152 4 303249622040576.000000 1001250160640.000000 1424510326669312.000000 257435494999130112.000000 -110077829953093632.000000 28000811653005312.000000 95219459312058368.000000 
153 4 396267641372672.000000 -28920086790144.000000 1480492004147200.000000 203046503063748608.000000 -131506684513222656.000000 -86221202179227648.000000 110889166455177216.000000 
154 4 385707893850112.000000 12457035694080.000000 1494885244862464.000000 168995675923546112.000000 -191805577217703936.000000 72720496470261760.000000 127316523009179648.000000 
155 4 486823134494720.000000 -23085428244480.000000 1247939523510272.000000 146073761882308608.000000 -97340468781645824.000000 31657379305095168.000000 99945048619089920.000000 
156 4 515453017391104.000000 -29373459595264.000000 1364416754876416.000000 165983804337422336.000000 -96279345571561472.000000 6557102948483072.000000 70147248419241984.000000 
157 4 574427381104640.000000 133711433564160.000000 1220095653183488.000000 183985421024231424.000000 -139066917875875840.000000 6205425120706560.000000 54976629360820224.000000 
158 4 479624467316736.000000 -44836803575808.000000 1488986107281408.000000 150508212536213504.000000 -81483904791347200.000000 5476893977477120.000000 59090194418106368.000000 
159 4 575688893530112.000000 22571946868736.000000 1277819879424000.000000 274385342914625536.000000 -89275868819488768.000000 10703643690926080.000000 82611917822099456.000000 
160 4 231033186287616.000000 33293636468736.000000 1524050622939136.000000 205408425838903296.000000 -58621656435785728.000000 -29803083009622016.000000 103099384270422016.000000 
161 4 321895182368768.000000 -64056312463360.000000 1437152697122816.000000 179459693725351936.000000 -192111636587216896.000000 17726286734557184.000000 77784872797601792.000000 
162 4 226555884208128.000000 9641385787392.000000 1353856369819648.000000 212444011766480896.000000 -155257776350691328.000000 9977801734094848.000000 129438236853403648.000000 
163 4 368757805416448.000000 33308115206144.000000 1273843142361088.000000 304868220462956544.000000 -153933998710587392.000000 28752491059347456.000000 31917111009869824.000000 
164 4 504151314268160.000000 -61740666585088.000000 1238229273542656.000000 130757874145034240.000000 -94333106911182848.000000 -17305825542406144.000000 41372569558843392.000000 
165 4 475140555014144.000000 -16153805062144.000000 1306337791180800.000000 116599428554424320.000000 -129269788236054528.000000 28800221030907904.000000 44686957166460928.000000 
166 4 250504672182272.000000 38246855737344.000000 1494827128586240.000000 162065660292104192.000000 -122015975020167168.000000 3405048193220608.000000 150652093940629504.000000 
167 4 228458068180992.000000 35469131776000.000000 1427963211939840.000000 119407899079344128.000000 -105402311374798848.000000 -5967988591165440.000000 58071329391247360.000000 
168 4 324456929034240.000000 -86646678618112.000000 1368530259804160.000000 234725391565062144.000000 -82049509034557440.000000 75562819927408640.000000 75103026498502656.000000 
169 4 273922629042176.000000 12120983863296.000000 1344150817472512.000000 289729044860108800.000000 -108587012444913664.000000 14424527404531712.000000 50509987927031808.000000 
170 4 61468615639040.000000 33753852280832.000000 1464104422211584.000000 225688814734016512.000000 -125492836945625088.000000 6620890729021440.000000 178880405716336640.000000 
171 4 222533664112640.000000 -958193860608.000000 1525574531022848.000000 213489509885542400.000000 -129574172568322048.000000 52675209789964288.000000 103014069040054272.000000 
172 4 218708408532992.000000 49329234509824.000000 1428372173357056.000000 112026542514634752.000000 -132841534579015680.000000 63151043046801408.000000 67064329484107776.000000 
173 4 269848567349248.000000 -12189225189376.000000 1231861179219968.000000 248238114592522240.000000 -86858051339943936.000000 71706815468929024.000000 59719849508601856.000000 
174 4 390537618128896.000000 9139607568384.000000 1285829053906944.000000 172333758865735680.000000 -135821829565579264.000000 24127659537596416.000000 17670497256865792.000000 
175 4 546892446433280.000000 -110566131630080.000000 1311322637598720.000000 178933989728321536.000000 -180584081803706368.000000 43360576776175616.000000 92980870817775616.000000 
176 4 450153341255680.000000 -35764154925056.000000 1430183441596416.000000 258459930598572032.000000 -128785599392907264.000000 -75161644212158464.000000 101962583736582144.000000 
177 4 395794020564992.000000 -54308317954048.000000 1384992064143360.000000 209408947356958720.000000 -180617032792801280.000000 -1093423243198464.000000 116285140027572224.000000 
178 4 586870035578880.000000 -38149342363648.000000 1218516313178112.000000 178019969148125184.000000 -102634574319714304.000000 -45745421791789056.000000 42760608499630080.000000 
179 4 401901631832064.000000 12039986610176.000000 1349369471172608.000000 129673704140439552.000000 -41697844612038656.000000 36034109893509120.000000 4328546424061952.000000 
180 4 305562428375040.000000 5268570112000.000000 1504766890868736.000000 76167688761638912.000000 3932666135052288.000000 29104684820070400.000000 -7022073423593472.000000 
181 4 169269627191296.000000 -127032843304960.000000 1600420778606592.000000 247343043408035840.000000 -56112081274929152.000000 42609137888002048.000000 101551031380344832.000000 
182 4 374366596497408.000000 -7507026640896.000000 1319488175734784.000000 216848638167482368.000000 -38651647647285248.000000 -1684261224579072.000000 -8261840966516736.000000 
183 4 445820591669248.000000 14471654277120.000000 1367636369735680.000000 167119513949569024.000000 -170561294582153216.000000 39898012796846080.000000 85193201756930048.000000 
184 4 215319612227584.000000 8561157472256.000000 1511003854471168.000000 198874182853853184.000000 -21466987427266560.000000 -50376981379809280.000000 -78641349405966336.000000 
185 4 347461210079232.000000 32426631888896.000000 1390170720960512.000000 241205449242705920.000000 -143892451071885312.000000 9170600211775488.000000 54112331617009664.000000 
186 4 195195442298880.000000 43561940680704.000000 1534122321248256.000000 202973110662594560.000000 -91616531506528256.000000 31182630800064512.000000 92958640067051520.000000 
187 4 311664771596288.000000 -10151327170560.000000 1406523406286848.000000 236152025081970688.000000 -59051363618783232.000000 33644162456748032.000000 62143267625500672.000000 
188 4 359475038912512.000000 -40161480015872.000000 1427227967225856.000000 230640190471798784.000000 -116216661069004800.000000 -24892649047588864.000000 1509031122305024.000000 
189 4 418741829500928.000000 -2002891440128.000000 1357265365893120.000000 190405641217507328.000000 -141980563559940096.000000 11196301135839232.000000 101547792975003648.000000 
190 4 313478053101568.000000 45504264142848.000000 1523929826983936.000000 169721765914738688.000000 -131390497057931264.000000 6462895525199872.000000 107228600188534784.000000 
191 4 443442857508864.000000 42371119054848.000000 1368499926597632.000000 104128458434543616.000000 -138469831522385920.000000 -42009500323938304.000000 31762155032281088.000000 
192 4 298642262982656.000000 -11317813444608.000000 1575142077497344.000000 196250490411941888.000000 -107970684637937664.000000 -18836569066569728.000000 32400279798284288.000000 
193 4 327432368291840.000000 31777926152192.000000 1417814204219392.000000 225428402276925440.000000 -38768814355120128.000000 10701869869432832.000000 17191652426776576.000000 
194 4 259190455009280.000000 -17669113774080.000000 1532160460718080.000000 195082757523636224.000000 -59962171563442176.000000 -44100831569510400.000000 118874962357387264.000000 
195 4 227771074740224.000000 -21920015712256.000000 1556916249559040.000000 188661025501872128.000000 -104627361835646976.000000 -12518706533892096.000000 131948868576215040.000000 
196 4 271824386523136.000000 -14541354172416.000000 1483459692331008.000000 188447634346737664.000000 -207922132758298624.000000 33270135229775872.000000 191989779775094784.000000 
197 4 345084147007488.000000 23628905185280.000000 1373452426543104.000000 111964480237207552.000000 -146649235960365056.000000 66824219337424896.000000 57040979621838848.000000 
198 4 501555073646592.000000 -19775690375168.000000 1276408177360896.000000 125827810034974720.000000 -207716970760503296.000000 24965491692929024.000000 90665033041707008.000000 
199 4 299723185455104.000000 -32309168308224.000000 1478930380881920.000000 154828502959390720.000000 -59762064742154240.000000 19333891919708160.000000 57149363121553408.000000 
200 5 508724548468736.000000 17905131454464.000000 1508339095699456.000000 22128141807910912.000000 -208708094593597440.000000 49542108456943616.000000 101103813615681536.000000 
201 5 444832346537984.000000 107386203275264.000000 1455745610547200.000000 268414530919333888.000000 -8131016262680576.000000 -71601047604297728.000000 -41156442509541376.000000 
202 5 367263593005056.000000 10765565165568.000000 1631212338675712.000000 132026659023880192.000000 -61892965521424384.000000 6776470550609920.000000 43764303701999616.000000 
203 5 631406162083840.000000 -53973776072704.000000 1247257294798848.000000 71030684537323520.000000 -81346242499575808.000000 64351164283486208.000000 27290690350219264.000000 
204 5 409063221362688.000000 -46943640223744.000000 1692484878991360.000000 189737498925072384.000000 -49314058578427904.000000 -15640101933547520.000000 90570492221587456.000000 
205 5 336739763748864.000000 -49384704180224.000000 1559714823405568.000000 33581921938178048.000000 -147755567996207104.000000 18906733799800832.000000 117653903155134464.000000 
206 5 264459020926976.000000 -104480095862784.000000 1531736064262144.000000 121624248232968192.000000 -49463484785623040.000000 56663640975081472.000000 -11566760318730240.000000 
207 5 385593473236992.000000 -60227298787328.000000 1459923539984384.000000 201296097732198400.000000 -134647748715610112.000000 7135716647632896.000000 50810283450433536.000000 
208 5 332833725874176.000000 62689707556864.000000 1346026778656768.000000 183648197372018688.000000 -103936267237982208.000000 47861230055981056.000000 27566014933762048.000000 
209 5 306531715252224.000000 24070299058176.000000 1527630209744896.000000 81902131526762496.000000 45636926622924800.000000 90252389763776512.000000 -75906906937360384.000000 
210 5 352791633592320.000000 6587481587712.000000 1511599781183488.000000 220004648856059904.000000 -71013208315396096.000000 -34075939813982208.000000 -25623996078751744.000000 
211 5 246073842991104.000000 28437156724736.000000 1676374188228608.000000 236834495385305088.000000 -101691004364521472.000000 -17718316348997632.000000 81632794127630336.000000 
212 5 256823189831680.000000 128581623611392.000000 1542929285906432.000000 -8218877334913024.000000 -91392480242565120.000000 -68514211658989568.000000 92464023043309568.000000 
213 5 351444221820928.000000 -19868499836928.000000 1521975751081984.000000 226210876598779904.000000 -218419771564097536.000000 6282110151163904.000000 158189744365240320.000000 
214 5 441358422638592.000000 -68954152239104.000000 1317868436193280.000000 221769742975762432.000000 -169679314457985024.000000 37531245298581504.000000 145394315235950592.000000 
215 5 288684213534720.000000 -39377342300160.000000 1425659364638720.000000 193431669015838720.000000 -157729736187969536.000000 -13965474857484288.000000 181512292955848704.000000 
216 5 332894358732800.000000 -40458125312.000000 1592631855415296.000000 196143391107448832.000000 -169354443131715584.000000 52388838550536192.000000 139504995950133248.000000 
217 5 336563837861888.000000 13394291720192.000000 1530084246683648.000000 196173438698651648.000000 -120160342989864960.000000 -17248283718057984.000000 112030983510818816.000000 
218 5 362349714210816.000000 46395809595392.000000 1622139891351552.000000 39140689803476992.000000 -191685232234070016.000000 17291331101523968.000000 167807310012350464.000000 
219 5 378718606327808.000000 -16494840774656.000000 1488989731160064.000000 82536506786316288.000000 -168287092219052032.000000 1661516688392192.000000 123455708187328512.000000 
220 5 292770572926976.000000 25842082119680.000000 1567789898792960.000000 82910065861853184.000000 -135382540310544384.000000 5580306589417472.000000 110666369321664512.000000 
221 5 406994120867840.000000 -8812554616832.000000 1423113925427200.000000 210300651287085056.000000 -205392568819646464.000000 80645346786541568.000000 145418916808622080.000000 
222 5 371313344512000.000000 -79545671614464.000000 1500516215422976.000000 50806899016204288.000000 -54337813105082368.000000 79067427341598720.000000 -388642732244992.000000 
223 5 485503069585408.000000 -125352789671936.000000 1362333024649216.000000 69860555057266688.000000 -79407090535235584.000000 96612239896739840.000000 52161205283848192.000000 
224 5 621684973371392.000000 -6073590218752.000000 1281952577486848.000000 17366502692880384.000000 -74800145404788736.000000 -4211436892979200.000000 -1098836781039616.000000 
225 5 310377925574656.000000 -67608376246272.000000 1546870723706880.000000 81222564621320192.000000 -182643398363054080.000000 6574882502475776.000000 97302810508394496.000000 
226 5 388892612100096.000000 -48930637217792.000000 1268257671610368.000000 236011854529298432.000000 -32080367011758080.000000 47165569908080640.000000 650235567144960.000000 
227 5 98892762841088.000000 -49254450069504.000000 1642830225211392.000000 167965416348450816.000000 -140197911613931520.000000 -51489085851697152.000000 193662961594662912.000000 
228 5 444463885320192.000000 24192646905856.000000 1310667118215168.000000 116837902318567424.000000 -116302629134401536.000000 38887926683140096.000000 30959696227598336.000000 
229 5 232450408054784.000000 76701086253056.000000 1535113250734080.000000 88186244206428160.000000 -119264859488518144.000000 -9271559860518912.000000 93627615583141888.000000 
230 5 125928734720000.000000 85240261378048.000000 1706632501264384.000000 212839269016797184.000000 -33596417452802048.000000 43211476986494976.000000 23562650147356672.000000 
231 5 339123369934848.000000 -28504926191616.000000 1487133097328640.000000 194153481219604480.000000 -191529720058216448.000000 -103872483819520.000000 135107104057851904.000000 
232 5 361074847121408.000000 45125216501760.000000 1320526618296320.000000 225139694575288320.000000 -142998110031839232.000000 67093672700674048.000000 70248729906511872.000000 
233 5 247214844674048.000000 -8660588167168.000000 1484463909371904.000000 227505156403494912.000000 -124381814805495808.000000 -16068457275588608.000000 115185997766983680.000000 
234 5 344268203884544.000000 85127870808064.000000 1389087315460096.000000 128961882030604288.000000 -213123355333623808.000000 113051158502703104.000000 169640316154937344.000000 
235 5 447190887563264.000000 -17242307690496.000000 1582970863353856.000000 150712412461334528.000000 -187763360157138944.000000 28139307168432128.000000 134611464831893504.000000 
236 5 199634391662592.000000 63767257808896.000000 1567766544908288.000000 272850029545259008.000000 -66167089341136896.000000 -5338698572890112.000000 55318470102876160.000000 
237 5 399798909796352.000000 -91446984048640.000000 1401955708567552.000000 200161126854426624.000000 -156195814388006912.000000 43486049950760960.000000 114683632622239744.000000 
238 5 417324758728704.000000 -56795271790592.000000 1399396444930048.000000 336314356096565248.000000 -104865973038743552.000000 -60724588388024320.000000 130887539207700480.000000 
239 5 316823161536512.000000 -35081733275648.000000 1563432520253440.000000 265467925656240128.000000 -170895150980005888.000000 -36419600388194304.000000 194640530510970880.000000 
240 5 182826792124416.000000 -23587893280768.000000 1512651242864640.000000 312071567813115904.000000 38125303700127744.000000 -26737760555499520.000000 -58534558793990144.000000 
241 5 324600407785472.000000 5527996203008.000000 1454998152019968.000000 219162611927744512.000000 -126728516216553472.000000 5627813222678528.000000 133826198781296640.000000 
242 5 310204885368832.000000 55621671976960.000000 1505317854642176.000000 298014414731214848.000000 -123652847186214912.000000 -4073745878614016.000000 143789698274295808.000000 
243 5 371084503285760.000000 -35316010319872.000000 1436957678764032.000000 75817004681920512.000000 -178015639821090816.000000 30813340922019840.000000 -12114459917025280.000000 
244 5 291070604738560.000000 -43019159994368.000000 1339558826344448.000000 154865851994996736.000000 -92758949857591296.000000 -17647058546589696.000000 20308323362406400.000000 
245 5 220052666187776.000000 96167849361408.000000 1495860068220928.000000 131759967324602368.000000 -50927201050165248.000000 -4071903606079488.000000 3307103343083520.000000 
246 5 540001372733440.000000 -37868605014016.000000 1293291693801472.000000 199572063499845632.000000 -228361435443363840.000000 52344896740130816.000000 71023146869719040.000000 
247 5 358036795293696.000000 -20055089741824.000000 1711103964872704.000000 201820066562441216.000000 -105182855725842432.000000 -76637927551008768.000000 23685494801956864.000000 
248 5 267223469916160.000000 113432208605184.000000 1455402684252160.000000 285948391307870208.000000 -101649197152862208.000000 864737172652032.000000 129015998618533888.000000 
249 5 333979643281408.000000 28689943232512.000000 1419306302701568.000000 244190674851725312.000000 -117339399879917568.000000 17682208558940160.000000 113664067515711488.000000 
250 6 275485443489792.000000 -13525638447104.000000 989361017454592.000000 214274629907251200.000000 -182526661151948800.000000 -18499809270824960.000000 80490203977875456.000000 
251 6 222654795612160.000000 -9868266176512.000000 1119180698943488.000000 139998376023293952.000000 -80605996296175616.000000 41953313561772032.000000 4966237935239168.000000 
252 6 59098355728384.000000 62598108151808.000000 1363438576074752.000000 138431838241685504.000000 -10738111877218304.000000 -22922397225058304.000000 -31784321358495744.000000 
253 6 195101372448768.000000 6730313367552.000000 1142031804006400.000000 238516610736848896.000000 -94565859778887680.000000 52009361010065408.000000 94781415597539328.000000 
254 6 207286546989056.000000 -96549187092480.000000 989358869970944.000000 252037030345703424.000000 -69193641125478400.000000 -52027777829830656.000000 73665500944531456.000000 
255 6 327168227803136.000000 98469918277632.000000 1010248852701184.000000 185173563597127680.000000 -30439668029849600.000000 -71186033504419840.000000 -11994234118733824.000000 
256 6 36120242946048.000000 19336393654272.000000 1271205629788160.000000 174147162777583616.000000 -39338103680270336.000000 -17630125638025216.000000 63732895151292416.000000 
257 6 138720565002240.000000 -20658077564928.000000 1179851406966784.000000 161355788097421312.000000 -52024663978541056.000000 104048108186370048.000000 -8919775732301824.000000 
258 6 92155284553728.000000 10175621627904.000000 1153192142307328.000000 183731932054421504.000000 -78667419857453056.000000 64019390944772096.000000 106289187761684480.000000 
259 6 174079906676736.000000 -6844510109696.000000 1090081758642176.000000 176373330226446336.000000 -128184656158785536.000000 12493572385275904.000000 104655236173398016.000000 
260 6 165848836734976.000000 23793915396096.000000 1141704312750080.000000 211510663833452544.000000 -25277688570707968.000000 71143912760147968.000000 2208482786803712.000000 
261 6 307962040025088.000000 -27263397527552.000000 1127899214118912.000000 169350130984550400.000000 -44000582737854464.000000 106456528277471232.000000 38494778261766144.000000 
262 6 254696828698624.000000 -19504121774080.000000 1023926712926208.000000 115026688840040448.000000 -77326866075090944.000000 63170709702049792.000000 98728215664656384.000000 
263 6 129875667058688.000000 -8802121285632.000000 1123512576114688.000000 243212796697772032.000000 40514568237088768.000000 57335850601545728.000000 -27753924047929344.000000 
264 6 138588670918656.000000 6506258366464.000000 1182158475493376.000000 214305106995183616.000000 15350524501032960.000000 14027914018291712.000000 25034659993747456.000000 
265 6 213686148923392.000000 -104514262663168.000000 1109939539935232.000000 129434397152641024.000000 18326165890531328.000000 101396610126184448.000000 32898354270699520.000000 
266 6 314832142204928.000000 -8777634938880.000000 1058847481397248.000000 187579277858832384.000000 -63721225725149184.000000 -82196671793987584.000000 -5306638789509120.000000 
267 6 294615328489472.000000 58132889862144.000000 1101758835195904.000000 207928850087149568.000000 -91618335392792576.000000 -37739534032568320.000000 58926882581643264.000000 
268 6 187499313889280.000000 -52294838124544.000000 1332816264560640.000000 179318131603275776.000000 -150782489147736064.000000 1426230863724544.000000 63277564193406976.000000 
269 6 316175628107776.000000 59804915597312.000000 942569026486272.000000 131177732968022016.000000 -153959098499465216.000000 36966989675102208.000000 63481502125522944.000000 
270 6 132110694219776.000000 38753947090944.000000 1126213305237504.000000 135605732581048320.000000 -18698812285517824.000000 -28231975382810624.000000 11884594341085184.000000 
271 6 287052629278720.000000 -27378583601152.000000 1141597341220864.000000 164746544518529024.000000 -126045582056751104.000000 29746260592295936.000000 89400972626886656.000000 
272 6 379239069122560.000000 -2683994374144.000000 933711797288960.000000 192991761285513216.000000 -87703120515170304.000000 30915095139713024.000000 114964317324967936.000000 
273 6 150944276807680.000000 -30283499831296.000000 1148078849523712.000000 203857977004785664.000000 -71640604253093888.000000 66035757831159808.000000 54382167232348160.000000 
274 6 120033229406208.000000 45070984151040.000000 1195054249017344.000000 169022665498034176.000000 -44095140737843200.000000 -91079291227340800.000000 100374493809082368.000000 
275 6 103893673443328.000000 -67285150597120.000000 1226156523126784.000000 146895767083155456.000000 -67540512508215296.000000 64871241873358848.000000 61760315456487424.000000 
276 6 169015972462592.000000 -34100106756096.000000 1180705434370048.000000 192514659138404352.000000 -39069779893420032.000000 -24803756109463552.000000 58774235148976128.000000 
277 6 93719919329280.000000 -2825948758016.000000 1178371522297856.000000 155129614526578688.000000 -109782336203128832.000000 47744935226507264.000000 69011890994413568.000000 
278 6 104563017252864.000000 -23020032753664.000000 1313973706162176.000000 109792695664246784.000000 -133350823211040768.000000 20861004049022976.000000 42687873228472320.000000 
279 6 314555385249792.000000 31566086537216.000000 1032091781300224.000000 167970415690383360.000000 -93763886305509376.000000 41682979730227200.000000 34141057960640512.000000 
280 6 203388830613504.000000 -27774905483264.000000 1176857680543744.000000 141152210397429760.000000 -89010869337325568.000000 69782923523391488.000000 43804762293927936.000000 
281 6 242843960475648.000000 65320999976960.000000 1189240339693568.000000 203854781549117440.000000 -61004573011083264.000000 -82007401175187456.000000 76088352125747200.000000 
282 6 49689755910144.000000 123996402089984.000000 1430248805629952.000000 107584335149793280.000000 -13820863308627968.000000 -62735217198104576.000000 -854168667422720.000000 
283 6 233499319599104.000000 324588535808.000000 1068414856593408.000000 157209323590647808.000000 -55038498364719104.000000 66977480950415360.000000 28862757902221312.000000 
284 6 241043194773504.000000 -34561616510976.000000 1019994267713536.000000 170309953095991296.000000 -26844539884929024.000000 49290423373398016.000000 28831535637463040.000000 
285 6 64393698082816.000000 6153859235840.000000 1154529756184576.000000 195263025890983936.000000 -49116704831176704.000000 4578907583938560.000000 21744173879132160.000000 
286 6 174343996833792.000000 -45995274534912.000000 1142502371360768.000000 165219076820434944.000000 -110714627574202368.000000 -19308137148317696.000000 140202670437695488.000000 
287 6 171800268898304.000000 -28954643660800.000000 1148782821507072.000000 176276848081108992.000000 -24728250584399872.000000 -11255764958052352.000000 -13775272230780928.000000 
288 6 81120020398080.000000 68111097135104.000000 1340559285288960.000000 45403920352149504.000000 -112309752658132992.000000 9266650712899584.000000 202610374904643584.000000 
289 6 253281838301184.000000 2569242148864.000000 1129738399645696.000000 144510909182640128.000000 -250231426094465024.000000 79746667829526528.000000 97473251990568960.000000 
290 6 79977173221376.000000 13554549784576.000000 1108871905017856.000000 54833486690779136.000000 -65511617202225152.000000 43525168512892928.000000 85712995878961152.000000 
291 6 249439520292864.000000 -15751747469312.000000 989587375652864.000000 123454204948774912.000000 -101700796889956352.000000 9294587327676416.000000 58754499774251008.000000 
292 6 142380615335936.000000 -46288640933888.000000 1132060634775552.000000 68686366833115136.000000 -117265981708959744.000000 -12161556380909568.000000 132541333544894464.000000 
293 6 45236843708416.000000 -20724444037120.000000 1222206226956288.000000 93941577692479488.000000 -71421973237858304.000000 13590940824371200.000000 4455302451691520.000000 
294 6 215762362957824.000000 53538491203584.000000 1150122851303424.000000 88408414274715648.000000 -108909916676161536.000000 117543402236542976.000000 77563742111399936.000000 
295 6 155711153635328.000000 -45944842223616.000000 1209165229850624.000000 66640012485066752.000000 -86707787614126080.000000 48889934852915200.000000 26278435278028800.000000 
296 6 299394184249344.000000 -92329163620352.000000 983196531425280.000000 118387913066020864.000000 -80175030687760384.000000 72661844396867584.000000 62308069815615488.000000 
297 6 41510166855680.000000 39503586656256.000000 1244139282759680.000000 82405750801956864.000000 -21120465170857984.000000 10203154373148672.000000 1957682869174272.000000 
298 6 183485180411904.000000 -55513127583744.000000 1129771685642240.000000 102239686436585472.000000 -5038434724872192.000000 34459259202699264.000000 -10660882996527104.000000 
299 6 189458724945920.000000 3726019133440.000000 1090096522592256.000000 111259238017269760.000000 -139315708151463936.000000 -36072498311200768.000000 17515401692839936.000000 
300 7 162345535930368.000000 29976753602560.000000 1048918993403904.000000 274877872584261632.000000 19157497612861440.000000 -19845948658155520.000000 -27373226736746496.000000 
301 7 179344295067648.000000 -22458472071168.000000 1208068939448320.000000 185813548083970048.000000 23411553197883392.000000 -5962632766947328.000000 -28242757898207232.000000 
302 7 279040585891840.000000 32171288952832.000000 1249147751497728.000000 138785468668968960.000000 -89037652753383424.000000 -37393205049688064.000000 45418828183633920.000000 
303 7 189935432761344.000000 -7840799916032.000000 1237202373705728.000000 174260257856421888.000000 -12374130418515968.000000 -85887929896927232.000000 11563312533733376.000000 
304 7 189224464678912.000000 146702879162368.000000 1264267512774656.000000 154635590208323584.000000 -1531185100488704.000000 -101666248173027328.000000 -37759119083438080.000000 
305 7 238762466476032.000000 37873642373120.000000 1063328810008576.000000 211691842733867008.000000 -26924681827188736.000000 -29466658221326336.000000 50237201669160960.000000 
306 7 81073304240128.000000 -41528907005952.000000 1266887174389760.000000 10895320565153792.000000 -95661780814004224.000000 -1810575675883520.000000 135445504531103744.000000 
307 7 181810965250048.000000 -9807775924224.000000 1436247398547456.000000 238157946607894528.000000 -103905996308480000.000000 3370346468081664.000000 95601290494607360.000000 
308 7 182933411332096.000000 -37407692947456.000000 1294873315508224.000000 234999084061032448.000000 -26672481347567616.000000 -20570509640990720.000000 -14010718042980352.000000 
309 7 209657989693440.000000 -14018364309504.000000 1242197554888704.000000 111052942148108288.000000 -100364297556721664.000000 -14603429972279296.000000 76189756303605760.000000 
310 7 247261317562368.000000 -123494436175872.000000 1157132372148224.000000 200473972272267264.000000 -56738562384592896.000000 -8544412770500608.000000 77186850141241344.000000 
311 7 197883420737536.000000 -84692929871872.000000 1153462188376064.000000 146100476578889728.000000 -110261182106959872.000000 73252075982553088.000000 98270028553519104.000000 
312 7 150202958741504.000000 -15744404291584.000000 1416687580610560.000000 71825094573293568.000000 -15849958330597376.000000 17111868040544256.000000 82799461864046592.000000 
313 7 215024081567744.000000 -22989502414848.000000 1249304652021760.000000 91501572411883520.000000 -74540823869390848.000000 25256559479095296.000000 90921124761698304.000000 
314 7 112066526445568.000000 80588610469888.000000 1301088938491904.000000 118497563581087744.000000 -69712382980521984.000000 15378675864174592.000000 108139012996202496.000000 
315 7 78707683229696.000000 34315960320000.000000 1346983885275136.000000 246098138547355648.000000 -66746424594792448.000000 30178001442308096.000000 59942689591787520.000000 
316 7 214874747568128.000000 -65687812833280.000000 1182263836409856.000000 71674671933685760.000000 -56360923090124800.000000 20589957252907008.000000 -23578273090895872.000000 
317 7 299466024288256.000000 -69663723618304.000000 1197580495093760.000000 215696710758825984.000000 -68056939375886336.000000 -10473590210166784.000000 54550895022571520.000000 
318 7 354032006725632.000000 -2318485684224.000000 1076662200434688.000000 153908143007465472.000000 -95834764916817920.000000 -42547522287173632.000000 57910714794246144.000000 
319 7 213935273803776.000000 18800518889472.000000 1207513009618944.000000 175793578360963072.000000 -59983732299268096.000000 -20285626607730688.000000 89092886032809984.000000 
320 7 219541061763072.000000 12645617893376.000000 1271357966909440.000000 120619363324657664.000000 -122825859823304704.000000 11067956775616512.000000 107102938035388416.000000 
321 7 227576660361216.000000 -14314363682816.000000 1289365556822016.000000 58737560423235584.000000 -124764839988953088.000000 66087099870216192.000000 28593414060638208.000000 
322 7 108622071726080.000000 -20364665028608.000000 1338295434870784.000000 173333163395776512.000000 -71866661266784256.000000 15542619060830208.000000 105309497131532288.000000 
323 7 317139110068224.000000 -54512974823424.000000 1093132527599616.000000 226594039221190656.000000 -93633362249383936.000000 -28949591403528192.000000 77057056229556224.000000 
324 7 293413576507392.000000 -68493386973184.000000 1086499823026176.000000 192975543489003520.000000 -89360685833650176.000000 28480160068009984.000000 56215031641014272.000000 
325 7 313526673473536.000000 23559344750592.000000 1405731387473920.000000 152862266931281920.000000 -73697060364222464.000000 5270941168828416.000000 82641140779581440.000000 
326 7 182521966886912.000000 2944958201856.000000 1325582465892352.000000 80742413047431168.000000 -42611650443870208.000000 -36128710843170816.000000 8645676825051136.000000 
327 7 131450854703104.000000 27767661920256.000000 1304305466343424.000000 171916356764041216.000000 -24266702661353472.000000 32883817953886208.000000 52227558233604096.000000 
328 7 319306424385536.000000 6378976444416.000000 1259690285596672.000000 152184606991319040.000000 -110955463570358272.000000 -12627638715678720.000000 96599483843870720.000000 
329 7 129753881247744.000000 -17814087794688.000000 1311837765238784.000000 282373672847540224.000000 1519626672406528.000000 -68753973913321472.000000 29862508177129472.000000 
330 7 379272153792512.000000 -8020354400256.000000 1161955620421632.000000 8996132197761024.000000 -84876173040943104.000000 36864490280583168.000000 67043391518539776.000000 
331 7 259351684055040.000000 -64592197713920.000000 1164106459512832.000000 218360432295936000.000000 -92467046700285952.000000 11673618031312896.000000 110250032371859456.000000 
332 7 373659201961984.000000 51341669957632.000000 1254900054884352.000000 75069242285752320.000000 -259625722161659904.000000 4228339736772608.000000 68680847800139776.000000 
333 7 166036439564288.000000 18659319742464.000000 1362985859678208.000000 84798167844913152.000000 -44599906769305600.000000 42842023899693056.000000 72032202191273984.000000 
334 7 152248051040256.000000 -45905155719168.000000 1173866504257536.000000 167967014076284928.000000 -78965911494590464.000000 -22261706700881920.000000 84081045745434624.000000 
335 7 163764989067264.000000 -5245011755008.000000 1284731152891904.000000 81742642211192832.000000 -21406606629535744.000000 -24001832028209152.000000 19927540151877632.000000 
336 7 229386267656192.000000 9815945379840.000000 1284432115793920.000000 170228984372527104.000000 -71486951798079488.000000 25028335654404096.000000 131422090837360640.000000 
337 7 191809330348032.000000 37508058447872.000000 1299065069371392.000000 206681866462298112.000000 37674005716533248.000000 -2742414464778240.000000 -7655875305013248.000000 
338 7 168020177584128.000000 40651924176896.000000 1427614380064768.000000 176328834365259776.000000 -44246349356466176.000000 -20594539983011840.000000 27438340588437504.000000 
339 7 299538401198080.000000 138043688222720.000000 1140332876005376.000000 131287220274331648.000000 -19229240746573824.000000 -61252895135236096.000000 20578987906433024.000000 
340 7 273615790538752.000000 -23735851548672.000000 1298385122361344.000000 101574962938118144.000000 -2577243712782336.000000 -30397847933288448.000000 57978665471836160.000000 
341 7 266464569327616.000000 -4751937241088.000000 1284833561018368.000000 186852998889078784.000000 -19210718700109824.000000 -19480773358780416.000000 54615744733773824.000000 
342 7 374955678105600.000000 10749650927616.000000 1136256012517376.000000 44430036517781504.000000 -81284772927635456.000000 -5444238804254720.000000 61562648176623616.000000 
343 7 233913414844416.000000 65940960051200.000000 1283131009138688.000000 69537642236084224.000000 -21905724779003904.000000 -42957000174206976.000000 37789033530654720.000000 
344 7 569145175310336.000000 47724565102592.000000 1267761200234496.000000 -20824262751289344.000000 -128431900246147072.000000 16128512729546752.000000 66508706744893440.000000 
345 7 314051330572288.000000 -19750996410368.000000 1243207945945088.000000 159142454010839040.000000 -139530490876002304.000000 31710621867180032.000000 51731635539804160.000000 
346 7 306977049673728.000000 -125609011314688.000000 1086861674020864.000000 185186792096399360.000000 -112289446052757504.000000 -1109629362765824.000000 124193987295707136.000000 
347 7 333890891808768.000000 -13781833875456.000000 1233806530969600.000000 63547571607437312.000000 -79780280243585024.000000 28004374328377344.000000 -3321437527998464.000000 
348 7 392873342140416.000000 -14539316789248.000000 1170559782092800.000000 62640173866811392.000000 -83892900408066048.000000 23763944527101952.000000 25186317436452864.000000 
349 7 309188890722304.000000 -22295468834816.000000 1298475316674560.000000 231333260754419712.000000 -157308262457278464.000000 38072750480293888.000000 11435047630405632.000000 