1623180349.000000,3315831896493.000000,2876664037547.000000,8210277994306263.000000,5912259550545659.000000,6241721404549235.000000,22796452285815627776.000000,0
1588867497.000000,3349467811936.000000,2626916057844.000000,8256098548339976.000000,5550550618382428.000000,5687046378992798.000000,22580890285088546816.000000,0
1664501540.000000,3590607814855.000000,2739092188961.000000,8985307618357205.000000,5873858507842191.000000,5967206045343189.000000,24841449586797182976.000000,0
1581386694.000000,3350325450339.000000,2687371893048.000000,8300152371283883.000000,5712073069755770.000000,5799834177849748.000000,22819853732604579840.000000,0
1648151599.000000,3443903218540.000000,2563267768879.000000,8531044585566610.000000,5276448156500167.000000,5282917004429511.000000,23566334254111813632.000000,0
1601058957.000000,3214145202191.000000,2762758464544.000000,7648002695540325.000000,5582798240206089.000000,6110195976753418.000000,20390231826831736832.000000,0
1586052256.000000,3200466644714.000000,2612313335925.000000,7679801505502572.000000,5294167076329905.000000,5666604479049857.000000,20627254359606411264.000000,0
1601412615.000000,3191958561157.000000,2685852082540.000000,7673039193287829.000000,5340178322181909.000000,5717057277262276.000000,20758123135914733568.000000,0
1567517280.000000,3280900479457.000000,2762206618787.000000,8003732204536939.000000,5752242369885746.000000,6172547191337553.000000,21658401223884304384.000000,0
1522197531.000000,3018274128529.000000,2651347875393.000000,7127883851156361.000000,5334151119085984.000000,5840382717885483.000000,18885266621376270336.000000,0
1554836553.000000,3246855902775.000000,2670674464785.000000,7943293948929491.000000,5607337343957708.000000,5871387484059803.000000,21571287131712901120.000000,0
1594756731.000000,3454719341129.000000,2825482146603.000000,8652619447139235.000000,6133578764706890.000000,6230922771355641.000000,23876593778078597120.000000,0
1514591613.000000,3042955104212.000000,2712953125232.000000,7344850679803408.000000,5437556263371276.000000,5892517584787654.000000,19898099014732242944.000000,0
1540283026.000000,3153896189478.000000,2565009947355.000000,7665957536219956.000000,5245517178108357.000000,5380439596604381.000000,20831104857802653696.000000,0
1586150739.000000,3304691737157.000000,2544219818742.000000,8030426029702837.000000,5332692926847103.000000,5402607492148684.000000,21577274630393221120.000000,0
1564865496.000000,3420325233540.000000,2566170044867.000000,8626063167290282.000000,5587548243744268.000000,5480102915633589.000000,23952042018901991424.000000,0
1598527355.000000,3493378573422.000000,2815034443036.000000,8854675735816784.000000,6088322397090257.000000,6257839286842784.000000,24726029470502051840.000000,0
1575544821.000000,3570613259033.000000,2746954040246.000000,9212439332656524.000000,6166787190448215.000000,6063369033923526.000000,25953559768031850496.000000,0
1623824815.000000,3539602109113.000000,2805518143814.000000,8981864434512363.000000,6105807037220901.000000,6092725613780656.000000,25170457717657419776.000000,0
1598599677.000000,3370605389605.000000,2792861886508.000000,8301383691671557.000000,5917099168098845.000000,6069384849364804.000000,22630390358099148800.000000,0
1588961865.000000,3346116476874.000000,2794036396063.000000,8198389168120622.000000,5992485135483382.000000,6199787385959371.000000,22212774827167027200.000000,0
1585867647.000000,3346949538540.000000,2737014769896.000000,8234810107879508.000000,5761695148450781.000000,6022252559426416.000000,22412332006984683520.000000,0
1583746363.000000,3356363756610.000000,2669933335277.000000,8248454618317994.000000,5704187425091965.000000,5705153857737477.000000,22383796691316043776.000000,0
1593584124.000000,3280806864188.000000,2672687238559.000000,7944266566727378.000000,5497026868559855.000000,5850219457062495.000000,21436453320445456384.000000,0
1577386795.000000,3290813727687.000000,2858425803233.000000,8083918991650915.000000,5999831693694461.000000,6378126971232185.000000,22081039809660170240.000000,0
1568504232.000000,3236131764690.000000,2740152281306.000000,7813236017606682.000000,5661958143126419.000000,6115030623122836.000000,20935820230543007744.000000,0
1598229736.000000,3236760648666.000000,2737984004101.000000,7798417922229322.000000,5552277305063368.000000,6005762230053463.000000,21051706622632640512.000000,0
1549147928.000000,3133338382950.000000,2658843481157.000000,7571632547838260.000000,5418497626900885.000000,5732021181418035.000000,20479938005221629952.000000,0
1560664115.000000,3528731788578.000000,2598178144535.000000,9096431314364278.000000,5918095106692927.000000,5665951179247493.000000,25603206610214211584.000000,0
1567325155.000000,2975659150611.000000,2595844168266.000000,6804521853528647.000000,4908396239195611.000000,5527637023037266.000000,17526246155959977984.000000,0
1541573185.000000,3217487166956.000000,2604060782115.000000,7957035535275976.000000,5477685642513069.000000,5627199762131933.000000,21839159944547553280.000000,0
1577384250.000000,3184174490076.000000,2691711382825.000000,7644213893374058.000000,5460733604727921.000000,5953850828492267.000000,20482685978506919936.000000,0
1607297151.000000,3380001402571.000000,2674787684407.000000,8279069540997069.000000,5642755565686943.000000,5752665758798439.000000,22449157731881803776.000000,0
1528027188.000000,3235601244472.000000,2462132535923.000000,8014832763403478.000000,5264374504664944.000000,5120082322369075.000000,21971229549061967872.000000,0
1523472798.000000,3005384585305.000000,2750909415261.000000,7008744877802609.000000,5351372447969379.000000,6211497011517287.000000,18331080230005352448.000000,0
1527784824.000000,3285164558708.000000,2461055171972.000000,8157548345099716.000000,5362248428647237.000000,5268741370478220.000000,22286275358169022464.000000,0
1600832302.000000,3580403035254.000000,2598647438826.000000,9176329537635654.000000,5794284584764825.000000,5477588516318074.000000,25784256785037287424.000000,0
1570256885.000000,3453568603670.000000,2576853434811.000000,8773027390650778.000000,5642517668374633.000000,5476590414877225.000000,24518166037935546368.000000,0
1535952677.000000,3460167375027.000000,2562648388694.000000,8957032478054073.000000,5725405203947532.000000,5386670840722232.000000,25422415698903384064.000000,0
1549780166.000000,3245884200393.000000,2610843004719.000000,7895035960107953.000000,5486861268883761.000000,5719015807519083.000000,21251985211687452672.000000,0
1616285000.000000,3345291776363.000000,2768275087720.000000,8133433406704883.000000,5591738949692771.000000,6035929240284570.000000,22019143036317220864.000000,0
1588992586.000000,3436537353949.000000,2763329868111.000000,8618268548487121.000000,5951074727361855.000000,6126423885934809.000000,23909332411002630144.000000,0
1563714854.000000,3397253351537.000000,2819838514218.000000,8591626942476397.000000,6032117845171182.000000,6249808180505922.000000,24031840413131038720.000000,0
1529168758.000000,3264567314658.000000,2704892965180.000000,8116830569227614.000000,5780510662141945.000000,5959994211550616.000000,22328001406049267712.000000,0
1530539377.000000,3074828441583.000000,2531852311410.000000,7286770562755427.000000,5113836422395556.000000,5418808859616172.000000,19280398765520621568.000000,0
1559149971.000000,3372609312588.000000,2614574476258.000000,8553249539589822.000000,5597689635561319.000000,5615205534834474.000000,23979863393611591680.000000,0
1523550221.000000,3241687973904.000000,2486177900117.000000,7982930555547996.000000,5369797802307526.000000,5335021972998717.000000,21723232185641181184.000000,0
1561219698.000000,3348370292815.000000,2636999767080.000000,8327467606251747.000000,5699189302823267.000000,5720516294050948.000000,22833046745272037376.000000,0
1570327375.000000,3142112682150.000000,2838589218540.000000,7463118805005782.000000,5655428740563452.000000,6391886149537482.000000,19851340866190131200.000000,0
1589452320.000000,3187183392723.000000,2653923243323.000000,7594852081273309.000000,5370350544498727.000000,5646189977984685.000000,20202894760382832640.000000,0
1661475868.000000,3559869334482.000000,2988654833199.000000,8859223331907042.000000,6260227313337535.000000,6810048189020143.000000,24343995690452176896.000000,1
1668492208.000000,3540640457473.000000,2688102035066.000000,8718695884607833.000000,5766317750002725.000000,5841567119365388.000000,23730639637405315072.000000,1
1613284671.000000,3243565158710.000000,2817140084741.000000,7734695745736208.000000,5731698540869382.000000,6281857368398855.000000,20626654942874767360.000000,1
1644391319.000000,3416340369624.000000,2776451189342.000000,8284051073883258.000000,5780138782802320.000000,6095387750574218.000000,22222193674367385600.000000,1
1697592758.000000,3480397951345.000000,2795925716343.000000,8358264034206019.000000,5750320197067760.000000,6203359476727133.000000,22325591892163792896.000000,1
1678583832.000000,3364167592908.000000,2762420622502.000000,7989282845933906.000000,5523663778053222.000000,6109969810567252.000000,21227629906627362816.000000,1
1665079811.000000,3432603778580.000000,2753552294817.000000,8436648311829438.000000,5594319979623292.000000,5807718261056363.000000,23156155349108273152.000000,1
1687585098.000000,3562421951287.000000,2860991372979.000000,8783192210436697.000000,6062427449726142.000000,6276835156370867.000000,23954091079296962560.000000,1
1734786286.000000,4004082979015.000000,2847974423963.000000,10567539105290940.000000,6575614821368036.000000,6186741640878823.000000,30438352423434932224.000000,1
1703532695.000000,3777818718940.000000,2805949085990.000000,9702335686417084.000000,6182587859877147.000000,6122265459855268.000000,27401689995347279872.000000,1
1606864726.000000,3269775130439.000000,2504365975747.000000,7873943410321927.000000,5040581000517413.000000,5179250930601673.000000,21195537227528843264.000000,1
1619972968.000000,3519776019620.000000,2827056591489.000000,8857799374293524.000000,6174061992517401.000000,6306180638025729.000000,24527002540103655424.000000,1
1627838918.000000,3253226281981.000000,2650563667583.000000,7660181180890425.000000,5362891595227523.000000,5753129109032341.000000,20093183305208446976.000000,1
1616269855.000000,3114074523478.000000,2767880066258.000000,7245345186482558.000000,5334768907076016.000000,6149824987427494.000000,18997691305056014336.000000,1
1648828833.000000,3469194260422.000000,2664175372385.000000,8461626029080326.000000,5729644143365053.000000,5813559147075683.000000,22785800288336904192.000000,1
1638981737.000000,3475341823824.000000,2688368422401.000000,8519972171482198.000000,5752356859679072.000000,5864638448161931.000000,23024583203491553280.000000,1
1653312056.000000,3394556017073.000000,2866596520942.000000,8172875046420557.000000,5875177112382241.000000,6430448747332190.000000,21887829205336829952.000000,1
1656367083.000000,3611875390205.000000,2871776128695.000000,9061725284909916.000000,6294696469268857.000000,6439738864065891.000000,25011140591910932480.000000,1
1675113369.000000,3606683294385.000000,2960941090988.000000,9073046874711400.000000,6415439746781525.000000,6598650917127858.000000,25278444498967826432.000000,1
1648461496.000000,3481678979902.000000,2870176749005.000000,8550298832159094.000000,6091723987592682.000000,6402092856929315.000000,23210866622341709824.000000,1
1666771564.000000,3627443299542.000000,2765493560121.000000,9286174305957480.000000,6011795140960840.000000,5908559218155213.000000,26363740210407276544.000000,1
1649710454.000000,3519751543952.000000,2917228606604.000000,8770886599675840.000000,6207915785202259.000000,6631627499983002.000000,24181191439249252352.000000,1
1674980484.000000,3548270686444.000000,2863246999008.000000,8820320161926134.000000,6042207221414515.000000,6237364171879664.000000,24315698723279785984.000000,1
1699255102.000000,3570032443590.000000,2745860424655.000000,8809783489262668.000000,5782563384092167.000000,5871252296032549.000000,24142156477278658560.000000,1
1673592844.000000,3211212881425.000000,2869238678362.000000,7530785287155317.000000,5533806999186708.000000,6199561702537466.000000,19913949303468265472.000000,1
1697865531.000000,3808995384517.000000,2697349707367.000000,9934794213171316.000000,6085502092322517.000000,5642525955678435.000000,28530447704226775040.000000,1
1653095009.000000,3739679625344.000000,2632635548959.000000,9721987380014190.000000,5895389420062029.000000,5601858373206257.000000,27689764348534484992.000000,1
1644883038.000000,3627649584195.000000,2825975865187.000000,9192089020465326.000000,6300739911817385.000000,6315561370506469.000000,25525056383073710080.000000,1
1669776027.000000,3542561263914.000000,2935553899818.000000,8874007089907538.000000,6233043950119928.000000,6494867451755888.000000,24681071809578823680.000000,1
1678497623.000000,3694648732015.000000,2816675076579.000000,9613971399886264.000000,6167160993142041.000000,5996641146435325.000000,27721920022911705088.000000,1
1731917357.000000,3772638471681.000000,2822691691944.000000,9563607443299852.000000,6147646688912355.000000,6173500146413410.000000,26700523903922503680.000000,1
1711098156.000000,3850203488418.000000,3018017354110.000000,10045246008346668.000000,6823088344808985.000000,6726239976446584.000000,28827024380955934720.000000,1
1652756020.000000,3609721522584.000000,2799992394644.000000,9085011613979076.000000,6070438377884896.000000,6255143065831840.000000,25129418773993414656.000000,1
1710435731.000000,3662636739383.000000,2810383278739.000000,9279076971625032.000000,5993529298648870.000000,5927052429924941.000000,26180497492047605760.000000,1
1690391534.000000,3598156360662.000000,2773792298445.000000,9006318031359068.000000,5877449048634258.000000,5931647124530939.000000,25044097119758651392.000000,1
1639891906.000000,3261007844509.000000,2690083745771.000000,7801414228223645.000000,5378321916765444.000000,5724612940971535.000000,20955348387913228288.000000,1
1714194826.000000,3643664342145.000000,2869571288226.000000,9140639645523876.000000,6080891820907302.000000,6236952924881982.000000,25526617061021204480.000000,1
1669510917.000000,3374829484811.000000,3021960767913.000000,8215152866978779.000000,6118801609573990.000000,6746006471338505.000000,22483661226436460544.000000,1
1676199040.000000,3580100226508.000000,2661859094241.000000,8940161407475448.000000,5738926885166546.000000,5600661865685445.000000,24651073332554088448.000000,1
1670077443.000000,3462795802244.000000,2811023900141.000000,8480140547716314.000000,5890157899767514.000000,6135308590009693.000000,23062301411678142464.000000,1
1638668752.000000,3281869184078.000000,2378413739715.000000,7974382478226422.000000,4872208372342157.000000,4685809349103743.000000,21712772268859187200.000000,1
1682576400.000000,3581270603200.000000,2650943778809.000000,8991101290545748.000000,5639402871108355.000000,5542180958262093.000000,25025846569212076032.000000,1
1658114648.000000,3444422691464.000000,2588242578357.000000,8526917655529030.000000,5367331275900453.000000,5333767006275943.000000,23553492741183180800.000000,1
1686607901.000000,3467967406675.000000,2736183246194.000000,8552994490742687.000000,5634963772318511.000000,5732566932137510.000000,23541822046619230208.000000,1
1673436325.000000,3256752914132.000000,2698754221993.000000,7635632010891442.000000,5313799563810834.000000,5952140171482959.000000,20162130437662076928.000000,1
1746281471.000000,3728785206562.000000,3054814184266.000000,9427437804966274.000000,6581150052791794.000000,6828313891703678.000000,26466993591663566848.000000,1
1671865889.000000,3645638523215.000000,2826890955224.000000,9123806156096154.000000,6162439700130829.000000,6426199545753674.000000,25086746601332658176.000000,1
1671557957.000000,3454902618800.000000,3007923218550.000000,8507731803643096.000000,6188822853820940.000000,6826934236754548.000000,23357601842768834560.000000,1
1683664818.000000,3480144048451.000000,2734372545188.000000,8470939217496269.000000,5675579027779772.000000,5865435692831368.000000,22932840943544983552.000000,1
1656764419.000000,3436052173012.000000,2856007204226.000000,8517728032411800.000000,5987254981290673.000000,6138625693933404.000000,23559258648131375104.000000,1
1661109324.000000,3437669258162.000000,2841530127950.000000,8475955702510338.000000,5867999173253984.000000,6080561620889674.000000,23320115751701262336.000000,2
1652099456.000000,3201113231163.000000,2751535213509.000000,7606822563406577.000000,5327663477204471.000000,5827247421715559.000000,20461865368989110272.000000,2
1580785191.000000,3114954922500.000000,2617548964561.000000,7347742298502774.000000,5230811969804447.000000,5533838392544147.000000,19433655903519420416.000000,2
1614028688.000000,3229662927287.000000,2661359561696.000000,7759999901083269.000000,5344744420262568.000000,5688578194005504.000000,20852965402351611904.000000,2
1631243055.000000,3230888024852.000000,2711395474895.000000,7693301159146512.000000,5395320849641258.000000,5799875334681183.000000,20632808530150313984.000000,2
1616656871.000000,3083411562961.000000,2871341761353.000000,7184473526066759.000000,5507051485182882.000000,6312972184222349.000000,18937934896555925504.000000,2
1592893160.000000,3283954056161.000000,2761460863731.000000,8042792988272625.000000,5684278336079104.000000,5944251235235055.000000,21955073878445154304.000000,2
1629230093.000000,3323598913333.000000,2815932675476.000000,8073377707735889.000000,5736769192409630.000000,6134196524076078.000000,21972831178735435776.000000,2
1640399786.000000,3395848522367.000000,2747710341059.000000,8211572380878875.000000,5664801436263950.000000,6012892755279641.000000,22061245513202630656.000000,2
1658833250.000000,3461489635760.000000,2740196075689.000000,8466807304583630.000000,5685664962436624.000000,5844813271836359.000000,23016911037644353536.000000,2
1607718046.000000,3368121585793.000000,2662491341651.000000,8267938919559333.000000,5646559198498042.000000,5664525665189189.000000,22546799336227209216.000000,2
1676434230.000000,3532115580732.000000,2917398380954.000000,8656766519072526.000000,6151735675862674.000000,6569754510126730.000000,23505465768934088704.000000,2
1614681599.000000,3172710119182.000000,2755563763150.000000,7413315348282464.000000,5468557888139802.000000,6098220516985962.000000,19407527109069418496.000000,2
1632010232.000000,3220302875039.000000,2597000951599.000000,7684879523469611.000000,5143746667342813.000000,5336154670772147.000000,20614035816868966400.000000,2
1629293045.000000,3369420245605.000000,2572387741859.000000,8058392870180935.000000,5402990094156518.000000,5535400462858449.000000,21304355630781005824.000000,2
1597025825.000000,3204331453683.000000,2580432280121.000000,7514934365628435.000000,5233851050353026.000000,5567264102185165.000000,19652041528805289984.000000,2
1634757600.000000,3399033581002.000000,2800434314151.000000,8311203558694622.000000,5819346964046756.000000,6162341430423951.000000,22565279836892069888.000000,2
1590702294.000000,3253564045404.000000,2709476674937.000000,7857436185316126.000000,5531150736979479.000000,5758334746107319.000000,21215242458131668992.000000,2
1621618003.000000,3452500611460.000000,2716058459691.000000,8632221009325290.000000,5744861094655207.000000,5749047892100671.000000,23938340343469461504.000000,2
1640184305.000000,3419752363428.000000,2711909566428.000000,8389692874505748.000000,5650255495954725.000000,5838928296554898.000000,22861291423113908224.000000,2
1621406967.000000,3448102141191.000000,2764200970936.000000,8562654788539589.000000,5864514818141348.000000,6100282974038786.000000,23579463156884570112.000000,2
1586518646.000000,3252305711200.000000,2652336355727.000000,7840646607373548.000000,5431639924167252.000000,5689132746877363.000000,21044062035343679488.000000,2
1604910306.000000,3258476031748.000000,2684513885974.000000,7788500700232864.000000,5402283536357415.000000,5844721554745070.000000,20750362886751592448.000000,2
1578102875.000000,3045005426130.000000,2718659307275.000000,7033224980867176.000000,5264960911935020.000000,5995035272522229.000000,18301446428762177536.000000,2
1638124931.000000,3362714851078.000000,2784856622041.000000,8243300718331644.000000,5683264693188998.000000,5975395960805973.000000,22580499189079793664.000000,2
1578986298.000000,2988206510657.000000,2655181415710.000000,6839429183385995.000000,4949859400016866.000000,5701914696170816.000000,17710428366958708736.000000,2
1642046676.000000,3374380343837.000000,2923978856256.000000,8250375127751155.000000,6043711725557569.000000,6511707430821646.000000,22528167227660484608.000000,2
1590795631.000000,3280359882716.000000,2479905729193.000000,7941216690024500.000000,5161698825216331.000000,5098626413489011.000000,21383035799293227008.000000,2
1593347243.000000,3488649263944.000000,2813036211003.000000,8797359498628812.000000,6173011302793092.000000,6377785439366667.000000,24387404351343239168.000000,2
1630263013.000000,3495411494740.000000,2855015279234.000000,8725220083177222.000000,6179583916289195.000000,6341768779469518.000000,24041918473532747776.000000,2
1584426874.000000,3219958350470.000000,2671521795003.000000,7713991154752556.000000,5436095050253184.000000,5875221461975691.000000,20589734368904753152.000000,2
1573223999.000000,3262696497804.000000,2621465835565.000000,7925882705489404.000000,5400059138766202.000000,5564332205485593.000000,21367525518891724800.000000,2
1658287709.000000,3721461517754.000000,2622779399344.000000,9712390690998620.000000,5837444111784408.000000,5425509868527734.000000,27944880796935999488.000000,2
1629470737.000000,3234336595305.000000,2681797854829.000000,7654264495633099.000000,5421061814487986.000000,5712261617655799.000000,20304371085814898688.000000,2
1650623536.000000,3522925623390.000000,2745149045874.000000,8864574094345200.000000,5892760670779071.000000,5847253553464980.000000,24729320356454764544.000000,2
1567764163.000000,3158347408603.000000,2454602187763.000000,7457912035746427.000000,4941929504864051.000000,5282011174216741.000000,19666388731890647040.000000,2
1557731915.000000,3228034669427.000000,2581632533279.000000,8023991934636707.000000,5372219157635377.000000,5357764465687667.000000,22260344896718979072.000000,2
1610438563.000000,3367023371410.000000,2673069166507.000000,8289192111875890.000000,5607120248548907.000000,5749687009050095.000000,22715840018482962432.000000,2
1612204678.000000,3380169541410.000000,2708205506734.000000,8285530942953396.000000,5688226722108512.000000,5880206716868336.000000,22471587548303978496.000000,2
1626042423.000000,3352253640147.000000,2694293443376.000000,8012147420162351.000000,5544191471345095.000000,5964668827508506.000000,21241469118724325376.000000,2
1612477397.000000,3375889212726.000000,2542436904663.000000,8252532767938382.000000,5333226285642425.000000,5432096109665691.000000,22369051641125953536.000000,2
1618909549.000000,3268973087937.000000,2738863662216.000000,7797800104930239.000000,5629245753537387.000000,6026928351208450.000000,20723290005176487936.000000,2
1594928552.000000,3220392779939.000000,2663102418423.000000,7886599035435435.000000,5349383291220198.000000,5528306979677027.000000,21715890924395032576.000000,2
1584716258.000000,3259854504030.000000,2650278344321.000000,8030883867096104.000000,5509766518371499.000000,5568826762437987.000000,22101552970554494976.000000,2
1636299521.000000,3690090087492.000000,2720875066863.000000,9467790449386376.000000,6105293174524106.000000,6059978427929057.000000,26485233004528762880.000000,2
1644863558.000000,3323823516096.000000,2832838914606.000000,7934498188042486.000000,5722716161299469.000000,6251717782661412.000000,21107472004622176256.000000,2
1580826274.000000,3301637174660.000000,2561944666259.000000,8102043495189474.000000,5325223342515452.000000,5378799283864273.000000,22054609065662406656.000000,2
1651196112.000000,3360595018207.000000,2814226879155.000000,8036798396193207.000000,5713191036258534.000000,6198086927183403.000000,21439666773969793024.000000,2
1580166406.000000,3485410549548.000000,2700727895068.000000,8865481907399024.000000,5938653226869931.000000,5897018814718688.000000,24780293011517579264.000000,2
1607095839.000000,3219943256064.000000,2712406581043.000000,7698104535372036.000000,5409853569378087.000000,5776123456937609.000000,20599388071587672064.000000,2
1738630680.000000,3605350563836.000000,3001999935407.000000,8970503037942740.000000,6114365650869121.000000,6599888120864057.000000,24973820048568778752.000000,3
1720391912.000000,3679109728817.000000,2786275919835.000000,9273294465503782.000000,5985765000370040.000000,5993843876923957.000000,25903881454831751168.000000,3
1678330171.000000,3318157794109.000000,2766539332532.000000,7863443400093197.000000,5470612776879657.000000,5984840554092206.000000,20957129972950425600.000000,3
1693282275.000000,3471405625857.000000,2784458630346.000000,8513011969662303.000000,5679511104798543.000000,6059297304336416.000000,23380599917094727680.000000,3
1734328453.000000,3509658724185.000000,2915733090840.000000,8487998306315715.000000,5912855003447508.000000,6396782247581514.000000,22954011259930177536.000000,3
1704362003.000000,3554785271564.000000,2759885126708.000000,8901033433344288.000000,5733202837688934.000000,5717040460393408.000000,24913075358988632064.000000,3
1728250658.000000,3662064797694.000000,2780452366614.000000,9275159947107356.000000,5862246882220730.000000,5837677267659262.000000,26241837407723020288.000000,3
1698029133.000000,3476409962814.000000,2973413620388.000000,8691753002247186.000000,6221242287460298.000000,6426831133088638.000000,24425505249876320256.000000,3
1767058368.000000,3673556546874.000000,2896414162761.000000,9116620488167808.000000,5976549588611379.000000,6236545749648809.000000,25255162411729252352.000000,3
1741489963.000000,3441536418438.000000,2806429360532.000000,8376860978819400.000000,5568644020688462.000000,5800410318646654.000000,23056516969899753472.000000,3
1692299245.000000,3432809949199.000000,2718290713377.000000,8194449480796885.000000,5547315718572241.000000,5890361395339389.000000,21822030739319480320.000000,3
1680179596.000000,3328280078723.000000,2840373194613.000000,7914909590909195.000000,5562459769978857.000000,6238853550722787.000000,21095265840361975808.000000,3
1619005698.000000,3135427795433.000000,2630041619892.000000,7298744188023879.000000,5103079665558575.000000,5626305202041724.000000,19098257868660764672.000000,3
1637033958.000000,3086533735583.000000,2747594436745.000000,7188240318486067.000000,5213740005188811.000000,5885400004945513.000000,19019312309314412544.000000,3
1686721905.000000,3573348024862.000000,2838062234734.000000,9074347712737300.000000,5950740735091949.000000,6013525840548758.000000,25728050785596735488.000000,3
1698939695.000000,3468455052426.000000,2785306196888.000000,8556133784391638.000000,5670163007363043.000000,5872674443796332.000000,23607417319114297344.000000,3
1678737802.000000,3459204497292.000000,2734652385715.000000,8378536073327678.000000,5673267299608031.000000,5949557176253203.000000,22580440012946251776.000000,3
1643779144.000000,3493308834981.000000,2705866317440.000000,8652330467914533.000000,5785892930830948.000000,5882158060034408.000000,23728436801855418368.000000,3
1670397671.000000,3280559500935.000000,2708114100847.000000,7767276387571613.000000,5231924820084233.000000,5759030925865457.000000,20691489895423102976.000000,3
1631284364.000000,3085805249207.000000,2919730562979.000000,7111159996023167.000000,5535204571875154.000000,6569988062157243.000000,18561104552400601088.000000,3
1576527889.000000,3091124703233.000000,2480009209534.000000,7122288725427769.000000,4896349551208571.000000,5365364771665784.000000,18352958581066551296.000000,3
1674767746.000000,3316080810032.000000,2760498674413.000000,7788454205168142.000000,5464896222195858.000000,6075669911288457.000000,20476110685877886976.000000,3
1662431377.000000,3388975492282.000000,2874344050949.000000,8127357423332892.000000,5908868267757804.000000,6398113338111301.000000,21649012372797837312.000000,3
1609890663.000000,3029053537841.000000,2671841860296.000000,6969096073785295.000000,5014954683520089.000000,5666161611979078.000000,18139293961585917952.000000,3
1648666543.000000,3265347896997.000000,2847081755419.000000,7857883552585113.000000,5648067905672144.000000,6202453639361989.000000,21243848648467705856.000000,3
1725986323.000000,3498121481883.000000,2884133499731.000000,8636666978448971.000000,5734815851713155.000000,6130727064810557.000000,23953482504533397504.000000,3
1745613022.000000,3566702591766.000000,2868106634258.000000,8737775071050728.000000,5824459867664996.000000,6142588483468412.000000,24037829067284357120.000000,3
1706337296.000000,3491403929861.000000,2830802484443.000000,8539693065022335.000000,5737908111502625.000000,6081274951408185.000000,23394789345957371904.000000,3
1723532271.000000,3629420683157.000000,2934842423055.000000,9229717656773444.000000,6142052773835497.000000,6215985813054987.000000,26297267561706172416.000000,3
1711252382.000000,3486817915076.000000,2898052105335.000000,8506580804562928.000000,5917060254555323.000000,6257298880856627.000000,23175514365663502336.000000,3
1744010915.000000,3769417995059.000000,2929528770598.000000,9452594030190680.000000,6337005585083172.000000,6425687281833130.000000,26150086572002111488.000000,3
1698403273.000000,3350978674489.000000,2876282865563.000000,7780807801814255.000000,5547922390199916.000000,6471468304124779.000000,20212987669104959488.000000,3
1672846279.000000,3380957000004.000000,2956472119439.000000,8207552878139552.000000,5967761133312178.000000,6544551346859943.000000,22360384835388825600.000000,3
1724861098.000000,3516772814244.000000,2876350798032.000000,8616073914440442.000000,5878985789331673.000000,6164192974076538.000000,23629889724712833024.000000,3
1700417419.000000,3476265723060.000000,2960076893481.000000,8322058966899642.000000,6060024596715626.000000,6663888775953627.000000,22181262614473039872.000000,3
1688328682.000000,3352068727927.000000,2886558498251.000000,8002779513349607.000000,5763504102780449.000000,6325359090168223.000000,21480809194433441792.000000,3
1673886537.000000,3301911411878.000000,2816120853999.000000,7708551477589348.000000,5598646695263815.000000,6271920587030273.000000,20124163893109350400.000000,3
1692276624.000000,3294529433766.000000,2763645064269.000000,7725464988993544.000000,5370121543086212.000000,5919812801536487.000000,20383217624628101120.000000,3
1699919210.000000,3378713888551.000000,2864473575438.000000,8074916261766491.000000,5653189472172530.000000,6254050762975078.000000,21684239805124116480.000000,3
1717671276.000000,3524997510963.000000,2851154137555.000000,8652726378500159.000000,5849123210965135.000000,6089882127584797.000000,23770564672379998208.000000,3
1727801039.000000,3553890995085.000000,2880537402272.000000,8623429212373511.000000,5970443366694865.000000,6326274229271828.000000,23310489820651958272.000000,3
1748623754.000000,3788416462398.000000,3003582187393.000000,9651097182805422.000000,6549671603810420.000000,6527703479228999.000000,27267834095277207552.000000,3
1733888437.000000,3600040046257.000000,2883972670615.000000,8773337901718629.000000,5976620559832474.000000,6372047260867477.000000,23804860610722582528.000000,3
1664524914.000000,3252082061178.000000,2784187097458.000000,7681219957624636.000000,5471411084498381.000000,6074817334128088.000000,20419656410130169856.000000,3
1717103374.000000,3547617663564.000000,2766544740970.000000,8588738161942360.000000,5698144585919186.000000,5989533259058612.000000,23142921812734623744.000000,3
1705215779.000000,3462144413270.000000,2705754451090.000000,8257053867332268.000000,5471644359850182.000000,5850277379142476.000000,21938726250661978112.000000,3
1681423128.000000,3442373403510.000000,2724268332364.000000,8319386927186450.000000,5562846452075591.000000,5897362291210266.000000,22428313719036010496.000000,3
1690741081.000000,3378358715086.000000,2835896024675.000000,8095560456827530.000000,5690181966520616.000000,6130127731115947.000000,21663496615974584320.000000,3
1716266822.000000,3511454608360.000000,2844334946069.000000,8685935315956690.000000,5799688350055385.000000,5990268073789261.000000,24041428785512902656.000000,3
1703792687.000000,3394190868961.000000,2794272102033.000000,8061421231095495.000000,5534267637251337.000000,6061622120523857.000000,21392752485498855424.000000,3
1756935408.000000,3826375778953.000000,2976727664630.000000,9842071079665416.000000,6500829081900670.000000,6551727508479582.000000,28028482985276985344.000000,4
1746340404.000000,3420407531348.000000,2919512496972.000000,8144091923302978.000000,5825585532621548.000000,6336554136951306.000000,21879289553173336064.000000,4
1775611266.000000,3747204125754.000000,2994048555402.000000,9275266340756672.000000,6329328256667818.000000,6679798692874744.000000,25477184554225008640.000000,4
1753283821.000000,3705378764168.000000,3050862292457.000000,9462329831392948.000000,6393698995291957.000000,6556015992772631.000000,26964264337995374592.000000,4
1787023737.000000,3695428385643.000000,2906011379007.000000,9050926449265036.000000,5962465590266409.000000,6418164821167145.000000,24734030999041888256.000000,4
1715769239.000000,3737469438300.000000,2848114614742.000000,9478089722066948.000000,6154678805188302.000000,6287481579901548.000000,26503411169162092544.000000,4
1701553089.000000,3535739416147.000000,2923764427443.000000,8611542874778489.000000,5970951337576604.000000,6555616063258035.000000,23270926536289423360.000000,4
1712557259.000000,3435075862292.000000,2850854546032.000000,8275725818815920.000000,5658064211621974.000000,6205675259415286.000000,22359377597370093568.000000,4
1665905526.000000,3280765937646.000000,2781483360611.000000,7793839435111128.000000,5540428825470891.000000,5990137535605949.000000,20782171511332012032.000000,4
1738473271.000000,3725716420438.000000,2991952383770.000000,9291102466850802.000000,6436113735436513.000000,6676848848589144.000000,25593681370511249408.000000,4
1727685328.000000,3415354339991.000000,2957288739588.000000,8104394516888065.000000,5852668806344127.000000,6573607668461126.000000,21589581519217483776.000000,4
1739530921.000000,3509147485493.000000,2833523676894.000000,8325060446511323.000000,5744491045228695.000000,6291903762845470.000000,22058337242516385792.000000,4
1694746945.000000,3691148743550.000000,2741863712662.000000,9296123146510328.000000,6100344444884340.000000,5978881559598806.000000,25713388736435769344.000000,4
1715988613.000000,3387259705465.000000,2779950748325.000000,8037693909811517.000000,5467589331971149.000000,6025575670488239.000000,21427483189891252224.000000,4
1698751932.000000,3423036978354.000000,2653283389305.000000,8338882395138330.000000,5277492837727689.000000,5462036017308047.000000,22833634678443585536.000000,4
1687118588.000000,3495043650177.000000,2644727591084.000000,8529034826112479.000000,5439454105326632.000000,5571535102583424.000000,23201514426218131456.000000,4
1735726862.000000,3435985829020.000000,2811774055352.000000,8134654972573908.000000,5566051776836755.000000,6147538233795062.000000,21576334146079760384.000000,4
1738780700.000000,3578982891361.000000,2785211468814.000000,8703288421249765.000000,5746276072332132.000000,5991488090518984.000000,23612581583645130752.000000,4
1726006585.000000,3616626448277.000000,2735151451595.000000,8940528728430169.000000,5777556494462150.000000,5956453276986295.000000,24482137087458705408.000000,4
1739242669.000000,3775067689230.000000,2815252779581.000000,9572593052076060.000000,6094078453326366.000000,6045943348294209.000000,26845161243074482176.000000,4
1728836673.000000,3642553596949.000000,2790428667844.000000,8967409185593463.000000,5905105369200265.000000,6071681037325852.000000,24424272874993758208.000000,4
1697482383.000000,3366342995869.000000,2778986314230.000000,8082919170062385.000000,5502302735049100.000000,5972654541904412.000000,21820379378068455424.000000,4
1749001767.000000,3728001335254.000000,2991226526544.000000,9317556849036420.000000,6296260626422160.000000,6616254932145390.000000,25757116104256856064.000000,4
1720746793.000000,3570314329697.000000,2907788381531.000000,8893417150070391.000000,5907910540186445.000000,6276032885919033.000000,24686916701937397760.000000,4
1753394152.000000,3820079731309.000000,3003680854727.000000,9944405276816894.000000,6537977180958831.000000,6427457810443833.000000,28749270610033283072.000000,4
1703952690.000000,3595811313127.000000,2808284749561.000000,8898534036503253.000000,5858648926449321.000000,6175205403009459.000000,24390109314841960448.000000,4
1652186457.000000,3137524188583.000000,2807170555024.000000,7347093013520185.000000,5281923808022547.000000,6037820138467340.000000,19463291049339387904.000000,4
1631572850.000000,3394171308587.000000,2607320952015.000000,8159808777826051.000000,5374771798713015.000000,5809437003490013.000000,21714934279370661888.000000,4
1691191201.000000,3383590040199.000000,2823585992881.000000,8214060097320679.000000,5673380886680647.000000,6024881526243369.000000,22330741977211613184.000000,4
1675701557.000000,3421646043180.000000,2723700549231.000000,8219172835494532.000000,5638275684482880.000000,5962240847250519.000000,21904194116366467072.000000,4
1670496724.000000,3393503431307.000000,2823137802828.000000,8019606146149263.000000,5820257690563118.000000,6477732576308172.000000,21078637143027601408.000000,4
1700372365.000000,3413486820324.000000,2804168583169.000000,8191676668835418.000000,5600845855597135.000000,6111626827196063.000000,22015456282588266496.000000,4
1644048259.000000,3125526506113.000000,2787062891989.000000,7303063417953567.000000,5343655167620422.000000,6045278125004243.000000,19284233142854098944.000000,4
1673329047.000000,3248178056807.000000,2815394276955.000000,7552406708470773.000000,5456434234796334.000000,6221395372611411.000000,19729893891320836096.000000,4
1670181289.000000,3248105363454.000000,2710930289379.000000,7661060591552076.000000,5357242504570175.000000,5789294154252327.000000,20256466453548359680.000000,4
1788488066.000000,3765163429463.000000,3002769693603.000000,9373693678428130.000000,6304252843280045.000000,6624450361373691.000000,25977727921212432384.000000,4
1640458679.000000,3217893707008.000000,2646936205001.000000,7511795772087944.000000,5255948851915798.000000,5838688740234251.000000,19714212816547897344.000000,4
1699876562.000000,3497050200333.000000,2739506361463.000000,8594062529984429.000000,5544368869044274.000000,5816920398039063.000000,23639629099427188736.000000,4
1716094119.000000,3281952160140.000000,2744524405266.000000,7693909395248468.000000,5191983162259723.000000,5788674504631088.000000,20471705698378792960.000000,4
1706750586.000000,3437387075913.000000,2669496347863.000000,8239703400159379.000000,5341270454314713.000000,5738741269933703.000000,22164339446348386304.000000,4
1645068969.000000,3204986596496.000000,2738269131014.000000,7426904870348448.000000,5311213277144513.000000,6070586548328432.000000,19390310349906808832.000000,4
1684801121.000000,3389454294992.000000,2624146084873.000000,8143447018136042.000000,5284740543938655.000000,5542212070736609.000000,21931628295301820416.000000,4
1704422457.000000,3265788122657.000000,2701288847067.000000,7567674682004095.000000,5231472881808852.000000,5786510844944641.000000,19819069774469009408.000000,4
1713798967.000000,3617417943569.000000,3009297837751.000000,9006584822154175.000000,6316588854374350.000000,6721050939629771.000000,24874614091069337600.000000,4
1658161764.000000,3412669026576.000000,2819257429815.000000,8314697709700602.000000,5759305267346750.000000,6132946648615223.000000,22581691493547192320.000000,4
1678331280.000000,3461761446318.000000,2853519998242.000000,8360354735155770.000000,5981898297933503.000000,6347450712893994.000000,22409016377388400640.000000,4
1723870991.000000,3367133927655.000000,2979089327890.000000,8116822345706419.000000,5781008100608375.000000,6441573194297688.000000,22069659706375507968.000000,4
1765369226.000000,3621227161341.000000,2939413668306.000000,8786106788451853.000000,6009439735476265.000000,6605350715749122.000000,23795755819337994240.000000,4
1686354583.000000,3137254690542.000000,2662383478333.000000,7103698848519796.000000,5066468263954862.000000,5658721403442125.000000,18216529792199606272.000000,4
1697263615.000000,3219210247947.000000,2674305030558.000000,7439875342299335.000000,5101060600963687.000000,5633093263676172.000000,19415782226781306880.000000,4
1480185872.000000,3095159963437.000000,2546730807803.000000,7747655844263905.000000,5311845575137603.000000,5371133557554431.000000,21749338355585376256.000000,5
1555146649.000000,3206920674524.000000,2732767600497.000000,7835754731972658.000000,5625464531647599.000000,5921312215284921.000000,21340929956606652416.000000,5
1549599462.000000,3227315117649.000000,2602930003419.000000,7780553236163061.000000,5483660490878562.000000,5735694006127265.000000,20754330411384713216.000000,5
1547062912.000000,3015221141425.000000,2479627330161.000000,7071758650254341.000000,4839516808591412.000000,5116370252486699.000000,18679851982926909440.000000,5
1493160399.000000,3048614034363.000000,2562215306618.000000,7431699896321239.000000,5134774618858509.000000,5386038048886454.000000,20355360162426355712.000000,5
1541452406.000000,3114557844777.000000,2596387164799.000000,7620239956874535.000000,5344559890592933.000000,5383543980463657.000000,20945310180971970560.000000,5
1532340936.000000,3122281616293.000000,2521328333676.000000,7398048103922793.000000,5156768227197989.000000,5419823254209600.000000,19470706608822460416.000000,5
1552078222.000000,3150364368091.000000,2707575202303.000000,7533240836289287.000000,5475101298970805.000000,5903172339633805.000000,20074799885228511232.000000,5
1502394961.000000,3026290431339.000000,2438211641591.000000,7188044858255001.000000,4921491721462057.000000,5110125027135953.000000,19062568917664358400.000000,5
1525143049.000000,3095127254534.000000,2573891313737.000000,7455335121726144.000000,5216613814258841.000000,5433881814659027.000000,20071598507068657664.000000,5
1513749363.000000,2962768695094.000000,2546164782111.000000,6964694106069062.000000,5007245928119538.000000,5424417951073115.000000,18406767550701301760.000000,5
1578202784.000000,3234321522956.000000,2631547543566.000000,7936283705436304.000000,5365751330469497.000000,5515828651571542.000000,21794728729453436928.000000,5
1536472855.000000,3184420548628.000000,2514608152969.000000,7854575379701000.000000,5192153114970924.000000,5139361726308797.000000,21594895921450745856.000000,5
1502229016.000000,2951036041429.000000,2495506712238.000000,6927003549666573.000000,4893466555004955.000000,5269054751077544.000000,18290024880098297856.000000,5
1569050571.000000,3177335750934.000000,2612412674722.000000,7572710464772188.000000,5296655818108605.000000,5531731466408310.000000,20160380304589443072.000000,5
1542020297.000000,3128885467497.000000,2545078998723.000000,7562451012756519.000000,5059659459790566.000000,5310550337594401.000000,20399604049242390528.000000,5
1544213846.000000,3183048977296.000000,2672711007855.000000,7875970551077066.000000,5500414023999491.000000,5684750919212305.000000,21842578840605421568.000000,5
1557333610.000000,3159464330006.000000,2516025062119.000000,7704426824190186.000000,5162557137143292.000000,5166643880390667.000000,21091343626097111040.000000,5
1574488884.000000,3269478041106.000000,2624930511083.000000,7976678182812102.000000,5398459849513176.000000,5709004830099667.000000,21674916073972080640.000000,5
1508166195.000000,3123627007722.000000,2649676501336.000000,7785652082622658.000000,5547662359131546.000000,5597749336679930.000000,21708346561111044096.000000,5
1536695812.000000,3203889721140.000000,2618812918149.000000,7811968388435634.000000,5498772596265501.000000,5589153237186389.000000,21143667702194634752.000000,5
1575188350.000000,3215630499520.000000,2530766505818.000000,7851524428236686.000000,5138994036495744.000000,5207637480086716.000000,21447898343887163392.000000,5
1520832989.000000,3126631156540.000000,2372582710445.000000,7807178544824782.000000,4875031755972801.000000,4635070687144299.000000,21914582280094621696.000000,5
1533247048.000000,3059453070654.000000,2481125107993.000000,7255800707447992.000000,4920572815932605.000000,5163075534062939.000000,19275345404815245312.000000,5
1552431574.000000,3227392789780.000000,2573073571903.000000,7829549058884356.000000,5394304555034432.000000,5459788191474495.000000,21103023914506035200.000000,5
1545050354.000000,3205077789412.000000,2582168717540.000000,7752559597127288.000000,5289207980372401.000000,5541611541564850.000000,20808802807838498816.000000,5
1560924564.000000,3200813997542.000000,2516587933656.000000,7732568426096626.000000,5126386230218964.000000,5238053847883068.000000,20843172227840172032.000000,5
1537201743.000000,3151122498749.000000,2567463464835.000000,7553231854189957.000000,5260238529035620.000000,5466597678213089.000000,20122612659080015872.000000,5
1560667741.000000,3350177972289.000000,2710165823526.000000,8296159373662489.000000,5794706319794913.000000,6020291768736722.000000,22660765475005706240.000000,5
1516815617.000000,3009142350725.000000,2502640585471.000000,7284257688924345.000000,4996442298617623.000000,5161275179509883.000000,19834656676234477568.000000,5
1565952444.000000,3260304809618.000000,2643320703052.000000,7991326413479048.000000,5475604992043206.000000,5638771231881436.000000,21789950571292635136.000000,5
1597461482.000000,3325130610042.000000,2606984817043.000000,8164133588615612.000000,5491783616588533.000000,5443721468919017.000000,22371555189106900992.000000,5
1580254285.000000,3361442599485.000000,2631407319967.000000,8199992374807733.000000,5721402305551207.000000,5812014753675019.000000,22015923864560922624.000000,5
1538771290.000000,3097327445768.000000,2602830582793.000000,7467978322153870.000000,5239451841000973.000000,5471100979073023.000000,20154902928556781568.000000,5
1526391629.000000,3042571880579.000000,2596384665103.000000,7305832513860495.000000,5140838211076346.000000,5436431817193371.000000,19680667747080421376.000000,5
1499102619.000000,3022015140683.000000,2536826414217.000000,7156421951541157.000000,5120098519072028.000000,5447423540569105.000000,18913156559638626304.000000,5
1541406147.000000,3225083055264.000000,2461505597793.000000,7922183132904566.000000,5104211250541663.000000,5073335181053821.000000,21654955930999189504.000000,5
1527817652.000000,3155081937049.000000,2635658460652.000000,7687330448227981.000000,5413918980513450.000000,5695592078090346.000000,20891058544569507840.000000,5
1541768056.000000,3283978653430.000000,2424117310205.000000,8076021587585678.000000,5231500928806921.000000,5151991658365197.000000,21852985471172042752.000000,5
1507357332.000000,3043460608968.000000,2529890406228.000000,7398243135662352.000000,5110596140009743.000000,5375808916883342.000000,20143013377661849600.000000,5
1468483497.000000,3089569088114.000000,2414747145296.000000,7580177669759962.000000,5093984906309403.000000,5079637487238648.000000,20547274074263785472.000000,5
1539481113.000000,3219596334945.000000,2644437996787.000000,7982747558785591.000000,5514697967238996.000000,5532060966610045.000000,22044221063300624384.000000,5
1514739485.000000,3326684666302.000000,2440139632408.000000,8448475806662492.000000,5312768266935436.000000,5062955280067232.000000,23641119394808852480.000000,5
1499862686.000000,3190518400168.000000,2572403684779.000000,7832129908749188.000000,5451310673928092.000000,5634117272537287.000000,21201373377346478080.000000,5
1550582401.000000,3171335079859.000000,2626603986519.000000,7701948573712765.000000,5425611178716781.000000,5599450060474641.000000,20813936665878962176.000000,5
1545796966.000000,3319463443497.000000,2638361237268.000000,8283967844362143.000000,5619704573097800.000000,5712311570979772.000000,22819311354914500608.000000,5
1517217154.000000,3185807634977.000000,2468093674938.000000,7988858682067911.000000,5090100822748521.000000,4998103947091416.000000,22350015549746483200.000000,5
1520666509.000000,3240101976303.000000,2574043029459.000000,7945233471575285.000000,5524047277705165.000000,5601240306261131.000000,21449723818104594432.000000,5
1555928811.000000,3334027960094.000000,2633468848252.000000,8327605378286786.000000,5587456340721079.000000,5587018183474182.000000,23018464591167729664.000000,5
1505206382.000000,3200146176255.000000,2718341991145.000000,7993134068959731.000000,5783060888248796.000000,5999312463756865.000000,22162774170882060288.000000,5
1512726844.000000,2895813840036.000000,2633291806944.000000,6705803582798948.000000,5070888726401109.000000,5632843537525934.000000,17561958820933662720.000000,6
1601253350.000000,3247599668321.000000,2835070203363.000000,7765999440067865.000000,5727520476362066.000000,6227651357668311.000000,20720311428167081984.000000,6
1609409175.000000,3346436841640.000000,2722927967822.000000,8237270789776536.000000,5693942458726181.000000,5856016363279264.000000,22585509442570784768.000000,6
1584523298.000000,3287914143641.000000,2690232170531.000000,8012416007342135.000000,5574439002535177.000000,5804727025364643.000000,21738441144227287040.000000,6
1585736322.000000,3270058923807.000000,2685037727427.000000,7932644044077211.000000,5683708916517982.000000,5810690230609711.000000,21417869022073806848.000000,6
1541072752.000000,3068108005190.000000,2549182611926.000000,7347031342967352.000000,5113018583477614.000000,5280087570724328.000000,19771313342021562368.000000,6
1566152189.000000,3514305283220.000000,2595719983812.000000,8966859699035142.000000,5783034322627963.000000,5568999298948306.000000,24983389016507920384.000000,6
1628117831.000000,3292858163176.000000,2639003342027.000000,7841596065678202.000000,5327560031491805.000000,5713787103589939.000000,20878147699845619712.000000,6
1573748423.000000,3189540381048.000000,2559695745838.000000,7647224454628312.000000,5150367444661611.000000,5458208562213658.000000,20528686730351251456.000000,6
1599796938.000000,3415079553123.000000,2679312696272.000000,8499813432834085.000000,5705498774404736.000000,5729464915354982.000000,23420070923013201920.000000,6
1590503830.000000,3228188118893.000000,2602897572480.000000,7799398031889407.000000,5159512657726243.000000,5416836546986358.000000,21093672587633340416.000000,6
1550075239.000000,3208068616339.000000,2559894600536.000000,7837370317287625.000000,5213319272598532.000000,5381037899474138.000000,21324818319032299520.000000,6
1614843446.000000,3482030946649.000000,2606154936418.000000,8658385587278003.000000,5603817147303378.000000,5622694965362216.000000,23701887336515993600.000000,6
1600460396.000000,3383468629953.000000,2664303529184.000000,8367878340234387.000000,5609506892406328.000000,5684599197977560.000000,22918961499745128448.000000,6
1560825022.000000,3254100103633.000000,2486464167904.000000,7896406434097237.000000,5264515823439199.000000,5262137660477954.000000,21218395457875767296.000000,6
1565669979.000000,3024938235648.000000,2628197753838.000000,6923011689111392.000000,5112101179626214.000000,5758784341572742.000000,17789853448303278080.000000,6
1550924520.000000,3297930579270.000000,2702527861429.000000,8227689340417994.000000,5681045285861396.000000,5891491612448007.000000,22733959640078651392.000000,6
1603549561.000000,3309812282464.000000,2726863322556.000000,8131096070992876.000000,5558728398110740.000000,5834658024019310.000000,22363050175459983360.000000,6
1588980197.000000,3314833650688.000000,2624553200374.000000,8269235960167700.000000,5472864454250204.000000,5411693889314900.000000,23054082387550228480.000000,6
1591556563.000000,3227423833155.000000,2468003493999.000000,7758638006532847.000000,5023519472129397.000000,5034609992493289.000000,20832414398618714112.000000,6
1599593658.000000,3340084237078.000000,2654686489654.000000,8193914000091658.000000,5555851202978396.000000,5677077030566272.000000,22323197252545024000.000000,6
1599497978.000000,3340963649554.000000,2741982392362.000000,8206040068187164.000000,5713022354811579.000000,5989882566037916.000000,22327386896458592256.000000,6
1570179539.000000,3197635454258.000000,2521312538857.000000,7620535034726314.000000,5114231835307950.000000,5386887845616691.000000,20207750045578072064.000000,6
1570129427.000000,3153275946291.000000,2536600811718.000000,7649833091349517.000000,5039718231392337.000000,5191102786246070.000000,20880076598682501120.000000,6
1581705738.000000,3226074643832.000000,2706912355438.000000,7873371740914700.000000,5452572323701684.000000,5719077367188708.000000,21527779815567802368.000000,6
1706736138.000000,3534489313424.000000,2764949879498.000000,8633120158622262.000000,5749509352294671.000000,5885010625791604.000000,23471617910306357248.000000,6
1595048972.000000,3405312491002.000000,2694619068255.000000,8452614211792366.000000,5755758904897619.000000,5877776201975689.000000,23175648620082106368.000000,6
1548255300.000000,3121123985614.000000,2472004542100.000000,7423316890996486.000000,5011075433235929.000000,5251203977053366.000000,19698340216835989504.000000,6
1621819602.000000,3383915369077.000000,2703264238198.000000,8379822421069743.000000,5646721090495820.000000,5765516680585980.000000,23142073551998717952.000000,6
1568153803.000000,3038628018124.000000,2534465107277.000000,7017735155679434.000000,4893245447455826.000000,5408064447814997.000000,18258984242164901888.000000,6
1613988811.000000,3531504588005.000000,2670710135831.000000,9106416602266860.000000,5835654046351100.000000,5581250588922089.000000,25970244262481514496.000000,6
1526458541.000000,3073924796513.000000,2412993315277.000000,7449505818595351.000000,4794602981631282.000000,4978515130865523.000000,20291965159912718336.000000,6
1625381652.000000,3432444034656.000000,2789327625585.000000,8622216496904836.000000,5941780359760475.000000,6041682584621741.000000,24084994611873472512.000000,6
1629038108.000000,3487112231851.000000,2635055681934.000000,8630534447179233.000000,5659248606880187.000000,5625328351868366.000000,23551310026259005440.000000,6
1547006528.000000,3130888853227.000000,2584015023815.000000,7488656348449633.000000,5183719727170950.000000,5490030345640633.000000,19987710018945585152.000000,6
1602166329.000000,3463836443070.000000,2629123892920.000000,8652477420539260.000000,5678843455826825.000000,5599072485126474.000000,23820195443779465216.000000,6
1591052347.000000,3274355834302.000000,2507626252330.000000,7967949052719420.000000,5170463654569666.000000,5236652486795192.000000,21628226102157213696.000000,6
1584599585.000000,3186237281248.000000,2616118922104.000000,7598543321895862.000000,5297875231242920.000000,5618186593135922.000000,20278337197860200448.000000,6
1624441910.000000,3322229574341.000000,2689667416008.000000,7962482500352541.000000,5541428887275428.000000,5881027452453450.000000,21238366842500583424.000000,6
1583929136.000000,3278646639523.000000,2590770201031.000000,8086157554372109.000000,5500796240360059.000000,5377953168734009.000000,22249137708806139904.000000,6
1635847671.000000,3448879574209.000000,2623584338282.000000,8544934832345173.000000,5507602180398855.000000,5506108616381036.000000,23487338114887348224.000000,6
1635199331.000000,3310048007315.000000,2643614715472.000000,7966820668685553.000000,5346578298521844.000000,5558746026714704.000000,21440944330525507584.000000,6
1628391561.000000,3539580631782.000000,2732309696612.000000,9068824494912566.000000,5949880456025139.000000,5720851359527664.000000,25734423481409732608.000000,6
1606542186.000000,3421303618606.000000,2605170947025.000000,8519945828344084.000000,5613931461347066.000000,5507679725041151.000000,23469176096013156352.000000,6
1708391670.000000,3648543450475.000000,2844731648434.000000,9361192837191802.000000,6123103651531652.000000,6004671538787868.000000,26673819802000429056.000000,6
1611637588.000000,3271821393685.000000,2765493618954.000000,7956248884833301.000000,5594539247151902.000000,5988663722431476.000000,21646670497156153344.000000,6
1570461621.000000,3244655633873.000000,2656538524701.000000,8010604840573593.000000,5362938163705156.000000,5580570321424907.000000,22136079770785275904.000000,6
1623458427.000000,3422467058773.000000,2852829809681.000000,8548908286750851.000000,6000364192102878.000000,6246954814217863.000000,23709827470134939648.000000,6
1625173990.000000,3452139191771.000000,2754014828818.000000,8725789735699783.000000,5835445105314325.000000,5837504794015722.000000,24515053427135361024.000000,6
1624134164.000000,3320540981619.000000,2794588055862.000000,8098032246834687.000000,5691237545600274.000000,6107020410520206.000000,22141024925784854528.000000,6
