350 7 7
0 1 1623180288.000000 3315831930880.000000 2876663922688.000000 8210277736644608.000000 5912259779887104.000000 6241721352454144.000000 22796451655610007552.000000 
1 1 588867520.000000 3349467889664.000000 2626916188160.000000 8256098595241984.000000 5550550519119872.000000 5687046190399488.000000 22580890201961267200.000000 
2 1 664501568.000000 3590607863808.000000 2739092062208.000000 8985307806433280.000000 5873858477293568.000000 5967205833375744.000000 24841448725273378816.000000 
3 1 581386688.000000 3350325362688.000000 2687371837440.000000 8300152611667968.000000 5712072964833280.000000 5799834179076096.000000 22819853661095591936.000000 
4 1 648151616.000000 3443903168512.000000 2563267887104.000000 8531044684791808.000000 5276448390643712.000000 5282917148262400.000000 23566334095425273856.000000 
5 1 601058944.000000 3214145224704.000000 2762758422528.000000 7648002629959680.000000 5582798207320064.000000 6110196032077824.000000 20390232030873387008.000000 
6 1 586052224.000000 3200466550784.000000 2612313456640.000000 7679801494077440.000000 5294167278223360.000000 5666604293554176.000000 20627253752473059328.000000 
7 1 601412608.000000 3191958667264.000000 2685852188672.000000 7673039068069888.000000 5340178189123584.000000 5717057274380288.000000 20758124223480725504.000000 
8 1 567517312.000000 3280900456448.000000 2762206609408.000000 8003732222509056.000000 5752242183340032.000000 6172547146055680.000000 21658402145280458752.000000 
9 1 522197536.000000 3018274111488.000000 2651347746816.000000 7127883701026816.000000 5334151276265472.000000 5840382965317632.000000 18885266694261964800.000000 
10 1 554836544.000000 3246855815168.000000 2670674575360.000000 7943293979590656.000000 5607337502965760.000000 5871387260485632.000000 21571287839011766272.000000 
11 1 594756736.000000 3454719229952.000000 2825482141696.000000 8652619639685120.000000 6133578907779072.000000 6230922730930176.000000 23876594286551105536.000000 
12 1 514591616.000000 3042955231232.000000 2712953159680.000000 7344850416435200.000000 5437556372013056.000000 5892517425840128.000000 19898099422373871616.000000 
13 1 540283008.000000 3153896144896.000000 2565009833984.000000 7665957740740608.000000 5245517109919744.000000 5380439749427200.000000 20831105407285985280.000000 
14 1 586150720.000000 3304691859456.000000 2544219717632.000000 8030425981124608.000000 5332693134868480.000000 5402607686254592.000000 21577273580313378816.000000 
15 1 564865472.000000 3420325150720.000000 2566170083328.000000 8626063320023040.000000 5587548441149440.000000 5480102854918144.000000 23952042774449094656.000000 
16 1 598527360.000000 3493378654208.000000 2815034392576.000000 8854675839254528.000000 6088322300510208.000000 6257839290974208.000000 24726028591659220992.000000 
17 1 575544832.000000 3570613354496.000000 2746954022912.000000 9212439635689472.000000 6166787058040832.000000 6063369077391360.000000 25953560756303691776.000000 
18 1 623824832.000000 3539601981440.000000 2805518041088.000000 8981864316403712.000000 6105807112372224.000000 6092725715730432.000000 25170457788676046848.000000 
19 1 598599680.000000 3370605346816.000000 2792861990912.000000 8301383656669184.000000 5917099134287872.000000 6069384715960320.000000 22630390215443742720.000000 
20 1 588961856.000000 3346116378624.000000 2794036396032.000000 8198389267169280.000000 5992484937138176.000000 6199787439259648.000000 22212775908005117952.000000 
21 1 585867648.000000 3346949472256.000000 2737014833152.000000 8234810052968448.000000 5761695406358528.000000 6022252818595840.000000 22412332870399950848.000000 
22 1 583746368.000000 3356363849728.000000 2669933232128.000000 8248454627196928.000000 5704187404877824.000000 5705153772519424.000000 22383796145612652544.000000 
23 1 593584128.000000 3280806871040.000000 2672687316992.000000 7944266789683200.000000 5497026636677120.000000 5850219514167296.000000 21436452529074339840.000000 
24 1 577386816.000000 3290813693952.000000 2858425778176.000000 8083918725054464.000000 5999831478697984.000000 6378126829420544.000000 22081039021834764288.000000 
25 1 568504256.000000 3236131766272.000000 2740152172544.000000 7813235927416832.000000 5661958212681728.000000 6115030554640384.000000 20935820695692115968.000000 
26 1 598229760.000000 3236760649728.000000 2737983979520.000000 7798417753374720.000000 5552277095972864.000000 6005762291662848.000000 21051707022236450816.000000 
27 1 549147904.000000 3133338288128.000000 2658843492352.000000 7571632742727680.000000 5418497454637056.000000 5732020940439552.000000 20479938985560375296.000000 
28 1 560664128.000000 3528731918336.000000 2598178127872.000000 9096431495282688.000000 5918095029829632.000000 5665950921654272.000000 25603205774159380480.000000 
29 1 567325184.000000 2975659196416.000000 2595844259840.000000 6804522055761920.000000 4908396000051200.000000 5527636868595712.000000 17526246133075017728.000000 
30 1 541573184.000000 3217487036416.000000 2604060901376.000000 7957035727454208.000000 5477685862072320.000000 5627199579226112.000000 21839159657863577600.000000 
31 1 577384256.000000 3184174563328.000000 2691711369216.000000 7644213931933696.000000 5460733626155008.000000 5953850632568832.000000 20482685565606559744.000000 
32 1 607297152.000000 3380001374208.000000 2674787614720.000000 8279069690953728.000000 5642755413901312.000000 5752665774489600.000000 22449157713837424640.000000 
33 1 528027200.000000 3235601186816.000000 2462132469760.000000 8014832565485568.000000 5264374700703744.000000 5120082590040064.000000 21971228596545519616.000000 
34 1 523472800.000000 3005384491008.000000 2750909513728.000000 7008745066332160.000000 5351372484509696.000000 6211497130721280.000000 18331079848514027520.000000 
35 1 527784832.000000 3285164490752.000000 2461055057920.000000 8157548423151616.000000 5362248415444992.000000 5268741608701952.000000 22286276061298688000.000000 
36 1 600832320.000000 3580403122176.000000 2598647365632.000000 9176329698148352.000000 5794284544458752.000000 5477588688437248.000000 25784255756835487744.000000 
37 1 570256896.000000 3453568679936.000000 2576853499904.000000 8773027437215744.000000 5642517580087296.000000 5476590645411840.000000 24518165918428168192.000000 
38 1 535952672.000000 3460167368704.000000 2562648440832.000000 8957032426110976.000000 5725405080190976.000000 5386670673231872.000000 25422415276227428352.000000 
39 1 549780160.000000 3245884309504.000000 2610843090944.000000 7895035727052800.000000 5486861522829312.000000 5719015779467264.000000 21251985264259104768.000000 
40 1 616284992.000000 3345291673600.000000 2768274980864.000000 8133433255526400.000000 5591738718617600.000000 6035929068208128.000000 22019143114260742144.000000 
41 1 588992576.000000 3436537446400.000000 2763329896448.000000 8618268491251712.000000 5951074473082880.000000 6126424029134848.000000 23909333344779763712.000000 
42 1 563714880.000000 3397253332992.000000 2819838443520.000000 8591626809114624.000000 6032117821603840.000000 6249808239001600.000000 24031840930346565632.000000 
43 1 529168768.000000 3264567312384.000000 2704893018112.000000 8116830522572800.000000 5780510584340480.000000 5959994046414848.000000 22328000328549531648.000000 
44 1 530539392.000000 3074828533760.000000 2531852288000.000000 7286770647433216.000000 5113836633849856.000000 5418808839766016.000000 19280398187935825920.000000 
45 1 559149952.000000 3372609437696.000000 2614574448640.000000 8553249665712128.000000 5597689395806208.000000 5615205346181120.000000 23979862617655083008.000000 
46 1 523550208.000000 3241687908352.000000 2486177890304.000000 7982930622152704.000000 5369797894209536.000000 5335022080884736.000000 21723231549877387264.000000 
47 1 561219712.000000 3348370292736.000000 2636999819264.000000 8327467529928704.000000 5699189136687104.000000 5720516333666304.000000 22833047800628903936.000000 
48 1 570327360.000000 3142112772096.000000 2838589341696.000000 7463118783381504.000000 5655428788649984.000000 6391886294024192.000000 19851341590891069440.000000 
49 1 589452288.000000 3187183452160.000000 2653923311616.000000 7594851872800768.000000 5370350334377984.000000 5646189777125376.000000 20202895040709656576.000000 
50 2 661475840.000000 3559869382656.000000 2988654723072.000000 8859223135879168.000000 6260227292790784.000000 6810048068059136.000000 24343996679518683136.000000 
51 2 668492224.000000 3540640333824.000000 2688101908480.000000 8718696100921344.000000 5766317864910848.000000 5841567302549504.000000 23730640715033608192.000000 
52 2 613284672.000000 3243565121536.000000 2817140195328.000000 7734696007958528.000000 5731698281021440.000000 6281857284964352.000000 20626655618147549184.000000 
53 2 644391296.000000 3416340299776.000000 2776451252224.000000 8284051316146176.000000 5780138532798464.000000 6095387521712128.000000 22222194324608647168.000000 
54 2 697592768.000000 3480398069760.000000 2795925667840.000000 8358264056053760.000000 5750320185475072.000000 6203359241437184.000000 22325592398084702208.000000 
55 2 678583808.000000 3364167614464.000000 2762420518912.000000 7989282878783488.000000 5523664023846912.000000 6109970009423872.000000 21227628882680610816.000000 
56 2 665079808.000000 3432603713536.000000 2753552187392.000000 8436648282947584.000000 5594319993962496.000000 5807718128418816.000000 23156154685613670400.000000 
57 2 687585088.000000 3562421878784.000000 2860991381504.000000 8783192014192640.000000 6062427405811712.000000 6276835394453504.000000 23954090065100013568.000000 
58 2 734786304.000000 4004082876416.000000 2847974359040.000000 10567539398541312.000000 6575614794399744.000000 6186741476098048.000000 30438352137769451520.000000 
59 2 703532672.000000 3777818787840.000000 2805949005824.000000 9702335416631296.000000 6182587705851904.000000 6122265427050496.000000 27401690137852116992.000000 
60 2 606864704.000000 3269775065088.000000 2504365965312.000000 7873943142662144.000000 5040581134778368.000000 5179251133251584.000000 21195536337289084928.000000 
61 2 619972992.000000 3519776030720.000000 2827056578560.000000 8857799354220544.000000 6174062195769344.000000 6306180758503424.000000 24527001593868976128.000000 
62 2 627838912.000000 3253226176512.000000 2650563674112.000000 7660181009727488.000000 5362891586797568.000000 5753129094086656.000000 20093183571466911744.000000 
63 2 616269824.000000 3114074636288.000000 2767880192000.000000 7245345150992384.000000 5334768677814272.000000 6149825158447104.000000 18997691758202060800.000000 
64 2 648828864.000000 3469194297344.000000 2664175501312.000000 8461626202128384.000000 5729644212912128.000000 5813559283941376.000000 22785799586960113664.000000 
65 2 638981760.000000 3475341836288.000000 2688368508928.000000 8519972259102720.000000 5752357073715200.000000 5864638256250880.000000 23024582726187483136.000000 
66 2 653312064.000000 3394556133376.000000 2866596544512.000000 8172875013947392.000000 5875177032253440.000000 6430448657891328.000000 21887828440555454464.000000 
67 2 656367104.000000 3611875344384.000000 2871776247808.000000 9061724938305536.000000 6294696552824832.000000 6439738672152576.000000 25011140752834560000.000000 
68 2 675113344.000000 3606683320320.000000 2960941121536.000000 9073046472097792.000000 6415439894675456.000000 6598650851491840.000000 25278445223686438912.000000 
69 2 648461504.000000 3481678905344.000000 2870176645120.000000 8550299023179776.000000 6091723914608640.000000 6402092746932224.000000 23210866384211804160.000000 
70 2 666771584.000000 3627443290112.000000 2765493633024.000000 9286174560485376.000000 6011795110100992.000000 5908559128690688.000000 26363740166115295232.000000 
71 2 649710464.000000 3519751651328.000000 2917228609536.000000 8770886396018688.000000 6207915664867328.000000 6631627610390528.000000 24181191992793890816.000000 
72 2 674980480.000000 3548270559232.000000 2863246868480.000000 8820320395853824.000000 6042207236653056.000000 6237364108132352.000000 24315699648266240000.000000 
73 2 699255104.000000 3570032443392.000000 2745860358144.000000 8809783230464000.000000 5782563578707968.000000 5871252505886720.000000 24142157130984587264.000000 
74 2 673592832.000000 3211212881920.000000 2869238693888.000000 7530785456259072.000000 5533807125987328.000000 6199561953476608.000000 19913949981999890432.000000 
75 2 697865536.000000 3808995311616.000000 2697349824512.000000 9934794079076352.000000 6085502117609472.000000 5642526170021888.000000 28530448774926958592.000000 
76 2 653095040.000000 3739679719424.000000 2632635645952.000000 9721987039494144.000000 5895389685219328.000000 5601858198437888.000000 27689764383352684544.000000 
77 2 644883008.000000 3627649597440.000000 2825975758848.000000 9192089006899200.000000 6300740108681216.000000 6315561503948800.000000 25525056885703573504.000000 
78 2 669776000.000000 3542561325056.000000 2935553785856.000000 8874006950182912.000000 6233043907903488.000000 6494867261751296.000000 24681071760222715904.000000 
79 2 678497600.000000 3694648623104.000000 2816675151872.000000 9613971833225216.000000 6167161257066496.000000 5996641391738880.000000 27721920700418621440.000000 
80 2 731917376.000000 3772638560256.000000 2822691618816.000000 9563607972970496.000000 6147646536286208.000000 6173500091924480.000000 26700524975749595136.000000 
81 2 711098176.000000 3850203561984.000000 3018017472512.000000 10045245605543936.000000 6823088125640704.000000 6726239834341376.000000 28827024444333490176.000000 
82 2 652756032.000000 3609721569280.000000 2799992307712.000000 9085011177242624.000000 6070438593560576.000000 6255143125254144.000000 25129419616680935424.000000 
83 2 710435712.000000 3662636646400.000000 2810383171584.000000 9279077127028736.000000 5993529151062016.000000 5927052184125440.000000 26180497757253402624.000000 
84 2 690391552.000000 3598156300288.000000 2773792325632.000000 9006318249574400.000000 5877449069953024.000000 5931647262261248.000000 25044097514365517824.000000 
85 2 639891904.000000 3261007921152.000000 2690083717120.000000 7801414029934592.000000 5378321793679360.000000 5724613195595776.000000 20955348022201417728.000000 
86 2 714194816.000000 3643664236544.000000 2869571354624.000000 9140639593660416.000000 6080892007088128.000000 6236952865013760.000000 25526615993191759872.000000 
87 2 669510912.000000 3374829535232.000000 3021960642560.000000 8215153061396480.000000 6118801535926272.000000 6746006347579392.000000 22483660388717035520.000000 
88 2 676199040.000000 3580100345856.000000 2661859196928.000000 8940161257701376.000000 5738926710980608.000000 5600662050045952.000000 24651072684970475520.000000 
89 2 670077440.000000 3462795886592.000000 2811023851520.000000 8480140732399616.000000 5890157878181888.000000 6135308705857536.000000 23062300373066711040.000000 
90 2 638668736.000000 3281869078528.000000 2378413637632.000000 7974382563491840.000000 4872208216227840.000000 4685809319936000.000000 21712772995273981952.000000 
91 2 682576384.000000 3581270556672.000000 2650943782912.000000 8991101180444672.000000 5639402655055872.000000 5542180701601792.000000 25025845621344436224.000000 
92 2 658114624.000000 3444422737920.000000 2588242608128.000000 8526917758091264.000000 5367331509239808.000000 5333766876692480.000000 23553491799612850176.000000 
93 2 686607872.000000 3467967463424.000000 2736183312384.000000 8552994652028928.000000 5634963806355456.000000 5732566938157056.000000 23541821583195635712.000000 
94 2 673436352.000000 3256752799744.000000 2698754129920.000000 7635632050405376.000000 5313799573733376.000000 5952140161843200.000000 20162129547598233600.000000 
95 2 746281472.000000 3728785276928.000000 3054814101504.000000 9427438182334464.000000 6581149933502464.000000 6828314027098112.000000 26466993104056483840.000000 
96 2 671865920.000000 3645638443008.000000 2826890903552.000000 9123806543085568.000000 6162439477395456.000000 6426199324622848.000000 25086747570406948864.000000 
97 2 671557952.000000 3454902730752.000000 3007923093504.000000 8507731602309120.000000 6188822924623872.000000 6826934268854272.000000 23357602808008278016.000000 
98 2 683664832.000000 3480144052224.000000 2734372421632.000000 8470939301838848.000000 5675579164590080.000000 5865435509555200.000000 22932841674989109248.000000 
99 2 656764416.000000 3436052217856.000000 2856007237632.000000 8517728138690560.000000 5987254740713472.000000 6138625494351872.000000 23559257638588907520.000000 
100 3 661109312.000000 3437669384192.000000 2841530073088.000000 8475955823640576.000000 5867999068160000.000000 6080561831477248.000000 23320116058570883072.000000 
101 3 652099456.000000 3201113260032.000000 2751535251456.000000 7606822483525632.000000 5327663728164864.000000 5827247344713728.000000 20461865213422993408.000000 
102 3 580785216.000000 3114954915840.000000 2617548996608.000000 7347742540038144.000000 5230812215640064.000000 5533838264500224.000000 19433656914708267008.000000 
103 3 614028672.000000 3229662838784.000000 2661359550464.000000 7759999807782912.000000 5344744276230144.000000 5688578419982336.000000 20852965897469427712.000000 
104 3 631243072.000000 3230888099840.000000 2711395500032.000000 7693301113159680.000000 5395320737366016.000000 5799875518136320.000000 20632808485216583680.000000 
105 3 616656896.000000 3083411652608.000000 2871341875200.000000 7184473653248000.000000 5507051627216896.000000 6312972175540224.000000 18937935500255690752.000000 
106 3 592893184.000000 3283954171904.000000 2761460809728.000000 8042792802582528.000000 5684278083977216.000000 5944251380662272.000000 21955074571710234624.000000 
107 3 629230080.000000 3323598995456.000000 2815932760064.000000 8073377801568256.000000 5736769026785280.000000 6134196309327872.000000 21972831684498817024.000000 
108 3 640399808.000000 3395848503296.000000 2747710308352.000000 8211572132413440.000000 5664801481031680.000000 6012893011116032.000000 22061245613511540736.000000 
109 3 658833280.000000 3461489623040.000000 2740195950592.000000 8466807543300096.000000 5685664821542912.000000 5844813224083456.000000 23016910334048862208.000000 
110 3 607718016.000000 3368121532416.000000 2662491226112.000000 8267938746335232.000000 5646559144312832.000000 5664525529382912.000000 22546798744430444544.000000 
111 3 676434240.000000 3532115673088.000000 2917398478848.000000 8656766430609408.000000 6151735882022912.000000 6569754311524352.000000 23505465131711594496.000000 
112 3 614681600.000000 3172710219776.000000 2755563880448.000000 7413315416358912.000000 5468557982826496.000000 6098220589514752.000000 19407528120385798144.000000 
113 3 632010240.000000 3220302987264.000000 2597000839168.000000 7684879756034048.000000 5143746786099200.000000 5336154878509056.000000 20614035423683936256.000000 
114 3 629293056.000000 3369420193792.000000 2572387614720.000000 8058392660672512.000000 5402989938343936.000000 5535400558854144.000000 21304355003090075648.000000 
115 3 597025856.000000 3204331339776.000000 2580432289792.000000 7514934342582272.000000 5233850905001984.000000 5567263847481344.000000 19652041914217136128.000000 
116 3 634757632.000000 3399033552896.000000 2800434282496.000000 8311203562520576.000000 5819346752372736.000000 6162341230018560.000000 22565279335870103552.000000 
117 3 590702272.000000 3253564080128.000000 2709476605952.000000 7857435972730880.000000 5531150688714752.000000 5758334594449408.000000 21215241784682086400.000000 
118 3 621617984.000000 3452500705280.000000 2716058517504.000000 8632221229383680.000000 5744861282041856.000000 5749047801413632.000000 23938340660543750144.000000 
119 3 640184320.000000 3419752366080.000000 2711909564416.000000 8389693016113152.000000 5650255500541952.000000 5838928045146112.000000 22861292055323213824.000000 
120 3 621406976.000000 3448102191104.000000 2764201000960.000000 8562654570348544.000000 5864514775941120.000000 6100282710687744.000000 23579462264260919296.000000 
121 3 586518656.000000 3252305788928.000000 2652336291840.000000 7840646408699904.000000 5431640054562816.000000 5689133007634432.000000 21044061018376896512.000000 
122 3 604910336.000000 3258476134400.000000 2684513943552.000000 7788500673888256.000000 5402283416223744.000000 5844721419157504.000000 20750363870411882496.000000 
123 3 578102848.000000 3045005459456.000000 2718659248128.000000 7033224769306624.000000 5264960963739648.000000 5995035073970176.000000 18301446910633836544.000000 
124 3 638124928.000000 3362714812416.000000 2784856637440.000000 8243300666441728.000000 5683264471695360.000000 5975395799138304.000000 22580498775821778944.000000 
125 3 578986304.000000 2988206456832.000000 2655181340672.000000 6839429402460160.000000 4949859614326784.000000 5701914830307328.000000 17710428624378658816.000000 
126 3 642046656.000000 3374380220416.000000 2923978817536.000000 8250375014449152.000000 6043711548948480.000000 6511707291648000.000000 22528166420386152448.000000 
127 3 590795648.000000 3280359915520.000000 2479905832960.000000 7941216826032128.000000 5161698675654656.000000 5098626544041984.000000 21383036055173726208.000000 
128 3 593347264.000000 3488649314304.000000 2813036331008.000000 8797359500689408.000000 6173011539394560.000000 6377785379520512.000000 24387405398583279616.000000 
129 3 630263040.000000 3495411580928.000000 2855015284736.000000 8725220156243968.000000 6179583913099264.000000 6341768857518080.000000 24041919053926760448.000000 
130 3 584426880.000000 3219958267904.000000 2671521824768.000000 7713991044366336.000000 5436095009390592.000000 5875221592539136.000000 20589734017686831104.000000 
131 3 573224000.000000 3262696390656.000000 2621465952256.000000 7925882719043584.000000 5400059160035328.000000 5564331995430912.000000 21367526344152317952.000000 
132 3 658287680.000000 3721461497856.000000 2622779293696.000000 9712391008813056.000000 5837444133945344.000000 5425510062489600.000000 27944881867322294272.000000 
133 3 629470720.000000 3234336604160.000000 2681797869568.000000 7654264692277248.000000 5421061550112768.000000 5712261406523392.000000 20304371167860359168.000000 
134 3 650623552.000000 3522925690880.000000 2745149161472.000000 8864574128259072.000000 5892760628363264.000000 5847253302378496.000000 24729320529472782336.000000 
135 3 567764160.000000 3158347350016.000000 2454602121216.000000 7457912209276928.000000 4941929494085632.000000 5282010910162944.000000 19666388341936357376.000000 
136 3 557731904.000000 3228034662400.000000 2581632647168.000000 8023992120115200.000000 5372219182022656.000000 5357764469587968.000000 22260345179069218816.000000 
137 3 610438592.000000 3367023411200.000000 2673069260800.000000 8289191855128576.000000 5607120070246400.000000 5749687214669824.000000 22715839861107982336.000000 
138 3 612204672.000000 3380169670656.000000 2708205469696.000000 8285530932379648.000000 5688226769534976.000000 5880206975827968.000000 22471587751044055040.000000 
139 3 626042432.000000 3352253693952.000000 2694293487616.000000 8012147674054656.000000 5544191283167232.000000 5964668581445632.000000 21241469535051055104.000000 
140 3 612477376.000000 3375889121280.000000 2542436876288.000000 8252532698644480.000000 5333226247684096.000000 5432095857967104.000000 22369051694684176384.000000 
141 3 618909568.000000 3268973166592.000000 2738863734784.000000 7797800351825920.000000 5629245594271744.000000 6026928427368448.000000 20723289496089526272.000000 
142 3 594928576.000000 3220392902656.000000 2663102545920.000000 7886598800670720.000000 5349383377780736.000000 5528306883493888.000000 21715891210250354688.000000 
143 3 584716288.000000 3259854487552.000000 2650278461440.000000 8030883932012544.000000 5509766583418880.000000 5568826678706176.000000 22101553709785808896.000000 
144 3 636299520.000000 3690090201088.000000 2720875151360.000000 9467790473822208.000000 6105293326909440.000000 6059978200711168.000000 26485234001961287680.000000 
145 3 644863552.000000 3323823390720.000000 2832838950912.000000 7934498423439360.000000 5722715893792768.000000 6251717888835584.000000 21107472052973993984.000000 
146 3 580826304.000000 3301637095424.000000 2561944584192.000000 8102043487043584.000000 5325223112998912.000000 5378799071920128.000000 22054608961326284800.000000 
147 3 651196096.000000 3360595116032.000000 2814226989056.000000 8036798638850048.000000 5713191266942976.000000 6198087169081344.000000 21439667501073956864.000000 
148 3 580166400.000000 3485410525184.000000 2700727812096.000000 8865481976971264.000000 5938653427662848.000000 5897018551566336.000000 24780293888536477696.000000 
149 3 607095808.000000 3219943325696.000000 2712406589440.000000 7698104497209344.000000 5409853832953856.000000 5776123275247616.000000 20599387729778704384.000000 
150 4 738630656.000000 3605350580224.000000 3001999949824.000000 8970503054163968.000000 6114365908451328.000000 6599888338944000.000000 24973821129164587008.000000 
151 4 720391936.000000 3679109775360.000000 2786275885056.000000 9273293953564672.000000 5985764923932672.000000 5993843757416448.000000 25903880422914260992.000000 
152 4 678330176.000000 3318157672448.000000 2766539325440.000000 7863443558236160.000000 5470612587806720.000000 5984840432222208.000000 20957129231038414848.000000 
153 4 693282304.000000 3471405744128.000000 2784458702848.000000 8513011727728640.000000 5679511207149568.000000 6059297448394752.000000 23380600193214840832.000000 
154 4 734328448.000000 3509658845184.000000 2915733078016.000000 8487998375067648.000000 5912855169728512.000000 6396782019870720.000000 22954011671870308352.000000 
155 4 704361984.000000 3554785361920.000000 2759885062144.000000 8901033568763904.000000 5733202593316864.000000 5717040631382016.000000 24913075310753218560.000000 
156 4 728250688.000000 3662064910336.000000 2780452356096.000000 9275160116854784.000000 5862247033208832.000000 5837677135921152.000000 26241837311943770112.000000 
157 4 698029120.000000 3476410073088.000000 2973413670912.000000 8691753234202624.000000 6221242411515904.000000 6426831221686272.000000 24425505675508973568.000000 
158 4 767058368.000000 3673556516864.000000 2896414113792.000000 9116619989057536.000000 5976549534728192.000000 6236545916862464.000000 25255161965456654336.000000 
159 4 741489984.000000 3441536532480.000000 2806429253632.000000 8376860727574528.000000 5568644142596096.000000 5800410241564672.000000 23056516941904609280.000000 
160 4 692299264.000000 3432810020864.000000 2718290673664.000000 8194449708417024.000000 5547315871875072.000000 5890361352257536.000000 21822031465726083072.000000 
161 4 680179584.000000 3328280100864.000000 2840373231616.000000 7914909614473216.000000 5562459926560768.000000 6238853388042240.000000 21095265274882424832.000000 
162 4 619005696.000000 3135427837952.000000 2630041731072.000000 7298743942512640.000000 5103079888257024.000000 5626305152286720.000000 19098257489724964864.000000 
163 4 637033984.000000 3086533787648.000000 2747594440704.000000 7188240339566592.000000 5213740257509376.000000 5885400128159744.000000 19019312554850648064.000000 
164 4 686721920.000000 3573348040704.000000 2838062170112.000000 9074347847188480.000000 5950740539375616.000000 6013525981921280.000000 25728050921446834176.000000 
165 4 698939712.000000 3468455051264.000000 2785306214400.000000 8556133736251392.000000 5670163210829824.000000 5872674676932608.000000 23607416247885496320.000000 
166 4 678737792.000000 3459204513792.000000 2734652391424.000000 8378536301690880.000000 5673267398443008.000000 5949557275885568.000000 22580439402193879040.000000 
167 4 643779136.000000 3493308923904.000000 2705866358784.000000 8652330266263552.000000 5785892715233280.000000 5882157964722176.000000 23728437293731545088.000000 
168 4 670397696.000000 3280559407104.000000 2708113981440.000000 7767276556124160.000000 5231924612169728.000000 5759030916022272.000000 20691489420790988800.000000 
169 4 631284352.000000 3085805289472.000000 2919730511872.000000 7111160172118016.000000 5535204600971264.000000 6569987850371072.000000 18561104278114533376.000000 
170 4 576527872.000000 3091124715520.000000 2480009117696.000000 7122288969252864.000000 4896349690527744.000000 5365364951089152.000000 18352959030395142144.000000 
171 4 674767744.000000 3316080705536.000000 2760498741248.000000 7788453966118912.000000 5464895986335744.000000 6075669863727104.000000 20476110486072459264.000000 
172 4 662431360.000000 3388975611904.000000 2874343948288.000000 8127357487415296.000000 5908868366336000.000000 6398113459732480.000000 21649012315979251712.000000 
173 4 609890688.000000 3029053472768.000000 2671841902592.000000 6969096075739136.000000 5014954675535872.000000 5666161375051776.000000 18139294234304315392.000000 
174 4 648666560.000000 3265347977216.000000 2847081758720.000000 7857883723071488.000000 5648067751575552.000000 6202453540208640.000000 21243848878213562368.000000 
175 4 725986304.000000 3498121363456.000000 2884133453824.000000 8636667057405952.000000 5734815890407424.000000 6130727049494528.000000 23953483134681481216.000000 
176 4 745612992.000000 3566702690304.000000 2868106756096.000000 8737774882521088.000000 5824459910938624.000000 6142588675424256.000000 24037828870671433728.000000 
177 4 706337280.000000 3491403923456.000000 2830802354176.000000 8539693138313216.000000 5737908266860544.000000 6081274796048384.000000 23394788291259662336.000000 
178 4 723532288.000000 3629420642304.000000 2934842327040.000000 9229717215379456.000000 6142052878254080.000000 6215985908416512.000000 26297268091146469376.000000 
179 4 711252352.000000 3486817976320.000000 2898051989504.000000 8506580551073792.000000 5917060479582208.000000 6257298661965824.000000 23175514886355550208.000000 
180 4 744010944.000000 3769418121216.000000 2929528668160.000000 9452593805787136.000000 6337005738786816.000000 6425687149772800.000000 26150087464652374016.000000 
181 4 698403264.000000 3350978625536.000000 2876282765312.000000 7780807850590208.000000 5547922536005632.000000 6471468279922688.000000 20212988557452640256.000000 
182 4 672846272.000000 3380956889088.000000 2956472090624.000000 8207553116766208.000000 5967760957898752.000000 6544551443431424.000000 22360385344034045952.000000 
183 4 724861120.000000 3516772909056.000000 2876350922752.000000 8616073762963456.000000 5878985594503168.000000 6164192897794048.000000 23629890265557237760.000000 
184 4 700417408.000000 3476265631744.000000 2960076832768.000000 8322059092361216.000000 6060024371609600.000000 6663888720363520.000000 22181261705729802240.000000 
185 4 688328704.000000 3352068620288.000000 2886558547968.000000 8002779276640256.000000 5763504124461056.000000 6325358861221888.000000 21480809027162079232.000000 
186 4 673886528.000000 3301911298048.000000 2816120979456.000000 7708551468285952.000000 5598646636642304.000000 6271920341254144.000000 20124163411091128320.000000 
187 4 692276608.000000 3294529323008.000000 2763644993536.000000 7725465049497600.000000 5370121627369472.000000 5919813016748032.000000 20383217146688176128.000000 
188 4 699919232.000000 3378713985024.000000 2864473702400.000000 8074916473602048.000000 5653189500076032.000000 6254050592948224.000000 21684240668533194752.000000 
189 4 717671296.000000 3524997414912.000000 2851154165760.000000 8652726476996608.000000 5849123223764992.000000 6089881910509568.000000 23770563982238154752.000000 
190 4 727801024.000000 3553890926592.000000 2880537362432.000000 8623429431328768.000000 5970443164975104.000000 6326274226126848.000000 23310488734758076416.000000 
191 4 748623744.000000 3788416483328.000000 3003582251008.000000 9651097530531840.000000 6549671581319168.000000 6527703360471040.000000 27267833393263411200.000000 
192 4 733888448.000000 3600040067072.000000 2883972759552.000000 8773337748602880.000000 5976620401688576.000000 6372047303213056.000000 23804859948931743744.000000 
193 4 664524928.000000 3252082180096.000000 2784187121664.000000 7681219907026944.000000 5471410914852864.000000 6074817312718848.000000 20419657161055928320.000000 
194 4 717103360.000000 3547617558528.000000 2766544830464.000000 8588737906737152.000000 5698144385892352.000000 5989533220864000.000000 23142920963661758464.000000 
195 4 705215808.000000 3462144458752.000000 2705754423296.000000 8257053688594432.000000 5471644453699584.000000 5850277496225792.000000 21938727032828461056.000000 
196 4 681423104.000000 3442373296128.000000 2724268343296.000000 8319387085832192.000000 5562846473617408.000000 5897362148950016.000000 22428313172398047232.000000 
197 4 690741056.000000 3378358779904.000000 2835896074240.000000 8095560233910272.000000 5690182053396480.000000 6130127901556736.000000 21663497282163572736.000000 
198 4 716266816.000000 3511454531584.000000 2844335013888.000000 8685935164129280.000000 5799688150188032.000000 5990268197142528.000000 24041428671740772352.000000 
199 4 703792704.000000 3394190966784.000000 2794272063488.000000 8061421149487104.000000 5534267761229824.000000 6061622099443712.000000 21392753538940010496.000000 
200 5 756935424.000000 3826375720960.000000 2976727695360.000000 9842071103864832.000000 6500829213229056.000000 6551727260041216.000000 28028482134428614656.000000 
201 5 746340416.000000 3420407463936.000000 2919512408064.000000 8144091753742336.000000 5825585729241088.000000 6336554230349824.000000 21879289633254146048.000000 
202 5 775611264.000000 3747204038656.000000 2994048598016.000000 9275266417295360.000000 6329328484745216.000000 6679798889840640.000000 25477184149430206464.000000 
203 5 753283840.000000 3705378701312.000000 3050862280704.000000 9462329422905344.000000 6393698770223104.000000 6556015784886272.000000 26964264829904224256.000000 
204 5 787023744.000000 3695428501504.000000 2906011467776.000000 9050926316781568.000000 5962465800093696.000000 6418165051424768.000000 24734030837286174720.000000 
205 5 715769216.000000 3737469321216.000000 2848114606080.000000 9478089805398016.000000 6154679008362496.000000 6287481544638464.000000 26503411128191680512.000000 
206 5 701553088.000000 3535739289600.000000 2923764383744.000000 8611543109337088.000000 5970951581728768.000000 6555615816056832.000000 23270926107367440384.000000 
207 5 712557248.000000 3435075731456.000000 2850854535168.000000 8275726058913792.000000 5658064287956992.000000 6205675302551552.000000 22359378191383003136.000000 
208 5 665905536.000000 3280765976576.000000 2781483368448.000000 7793839318237184.000000 5540428891815936.000000 5990137737510912.000000 20782170542780186624.000000 
209 5 738473280.000000 3725716357120.000000 2991952494592.000000 9291101961715712.000000 6436113719754752.000000 6676848784179200.000000 25593681804439584768.000000 
210 5 727685312.000000 3415354376192.000000 2957288669184.000000 8104394444767232.000000 5852668719267840.000000 6573607434059776.000000 21589581513474703360.000000 
211 5 739530944.000000 3509147402240.000000 2833523671040.000000 8325060200759296.000000 5744490841112576.000000 6291903750340608.000000 22058336305744445440.000000 
212 5 694746944.000000 3691148738560.000000 2741863710720.000000 9296122778484736.000000 6100344450842624.000000 5978881701969920.000000 25713387834378813440.000000 
213 5 715988608.000000 3387259617280.000000 2779950874624.000000 8037694139531264.000000 5467589467701248.000000 6025575512670208.000000 21427482713214943232.000000 
214 5 698751936.000000 3423037030400.000000 2653283418112.000000 8338882479259648.000000 5277492604567552.000000 5462036074987520.000000 22833634939838136320.000000 
215 5 687118592.000000 3495043530752.000000 2644727562240.000000 8529034640097280.000000 5439454210686976.000000 5571535192457216.000000 23201513938305941504.000000 
216 5 735726848.000000 3435985895424.000000 2811774107648.000000 8134655173722112.000000 5566051592962048.000000 6147538088361984.000000 21576334597383258112.000000 
217 5 738780672.000000 3578982825984.000000 2785211580416.000000 8703288442617856.000000 5746275936894976.000000 5991487967854592.000000 23612581753512787968.000000 
218 5 726006592.000000 3616626442240.000000 2735151513600.000000 8940528477405184.000000 5777556720582656.000000 5956453382750208.000000 24482137121409204224.000000 
219 5 739242688.000000 3775067586560.000000 2815252758528.000000 9572593044553728.000000 6094078630428672.000000 6045943321329664.000000 26845161332337016832.000000 
220 5 728836672.000000 3642553532416.000000 2790428770304.000000 8967409067098112.000000 5905105438113792.000000 6071680912850944.000000 24424272023462608896.000000 
221 5 697482368.000000 3366342885376.000000 2778986184704.000000 8082919071416320.000000 5502302467129344.000000 5972654536261632.000000 21820379999261163520.000000 
222 5 749001792.000000 3728001204224.000000 2991226617856.000000 9317556812775424.000000 6296260457791488.000000 6616254848696320.000000 25757115411815464960.000000 
223 5 720746816.000000 3570314248192.000000 2907788279808.000000 8893416981135360.000000 5907910588628992.000000 6276032772440064.000000 24686916764035973120.000000 
224 5 753394176.000000 3820079808512.000000 3003680817152.000000 9944405142142976.000000 6537976922243072.000000 6427457750040576.000000 28749271380063682560.000000 
225 5 703952704.000000 3595811422208.000000 2808284708864.000000 8898533897797632.000000 5858648924356608.000000 6175205193940992.000000 24390110197187608576.000000 
226 5 652186432.000000 3137524203520.000000 2807170596864.000000 7347092926234624.000000 5281923937075200.000000 6037819927560192.000000 19463290952100085760.000000 
227 5 631572864.000000 3394171305984.000000 2607320924160.000000 8159808649691136.000000 5374772003209216.000000 5809437189079040.000000 21714934635134189568.000000 
228 5 691191232.000000 3383590125568.000000 2823586054144.000000 8214059992219648.000000 5673380678205440.000000 6024881338580992.000000 22330742510549204992.000000 
229 5 675701568.000000 3421646094336.000000 2723700539392.000000 8219172613914624.000000 5638275763011584.000000 5962240851181568.000000 21904193571623272448.000000 
230 5 670496704.000000 3393503363072.000000 2823137787904.000000 8019605884764160.000000 5820257822310400.000000 6477732489723904.000000 21078636261023940608.000000 
231 5 700372352.000000 3413486862336.000000 2804168523776.000000 8191676770156544.000000 5600845659897856.000000 6111626793058304.000000 22015455352261181440.000000 
232 5 644048256.000000 3125526396928.000000 2787062841344.000000 7303063605870592.000000 5343654965149696.000000 6045278138269696.000000 19284233284493508608.000000 
233 5 673329024.000000 3248178069504.000000 2815394316288.000000 7552406858498048.000000 5456434363891712.000000 6221395419725824.000000 19729893934533443584.000000 
234 5 670181312.000000 3248105455616.000000 2710930194432.000000 7661060404281344.000000 5357242631061504.000000 5789294329331712.000000 20256465446238158848.000000 
235 5 788488064.000000 3765163524096.000000 3002769604608.000000 9373694182817792.000000 6304252855058432.000000 6624450183168000.000000 25977728021882208256.000000 
236 5 640458688.000000 3217893621760.000000 2646936125440.000000 7511795795230720.000000 5255949048610816.000000 5838688600719360.000000 19714212699698102272.000000 
237 5 699876544.000000 3497050243072.000000 2739506249728.000000 8594062592442368.000000 5544368987439104.000000 5816920632721408.000000 23639629739556077568.000000 
238 5 716094144.000000 3281952178176.000000 2744524472320.000000 7693909387902976.000000 5191983026929664.000000 5788674243428352.000000 20471705842491588608.000000 
239 5 706750592.000000 3437387055104.000000 2669496238080.000000 8239703631331328.000000 5341270721429504.000000 5738741490515968.000000 22164340221778329600.000000 
240 5 645068992.000000 3204986699776.000000 2738269192192.000000 7426904692883456.000000 5311213466550272.000000 6070586769932288.000000 19390309768294825984.000000 
241 5 684801152.000000 3389454286848.000000 2624146112512.000000 8143446971777024.000000 5284740361879552.000000 5542211840114688.000000 21931628585759539200.000000 
242 5 704422464.000000 3265788116992.000000 2701288800256.000000 7567674930364416.000000 5231473103732736.000000 5786510653652992.000000 19819068725592588288.000000 
243 5 713798976.000000 3617417854976.000000 3009297776640.000000 9006585074417664.000000 6316589074874368.000000 6721050976976896.000000 24874614394013614080.000000 
244 5 658161792.000000 3412668973056.000000 2819257532416.000000 8314697518415872.000000 5759305257058304.000000 6132946473844736.000000 22581690646426288128.000000 
245 5 678331264.000000 3461761466368.000000 2853520015360.000000 8360354631385088.000000 5981898379624448.000000 6347450562379776.000000 22409016743330578432.000000 
246 5 723870976.000000 3367134035968.000000 2979089350656.000000 8116822469509120.000000 5781008263675904.000000 6441573160058880.000000 22069659076487282688.000000 
247 5 765369216.000000 3621227069440.000000 2939413594112.000000 8786106686373888.000000 6009439857410048.000000 6605350463602688.000000 23795755992653758464.000000 
248 5 686354560.000000 3137254719488.000000 2662383484928.000000 7103698740183040.000000 5066468513284096.000000 5658721417953280.000000 18216529428597440512.000000 
249 5 697263616.000000 3219210371072.000000 2674305007616.000000 7439875494117376.000000 5101060716756992.000000 5633093348098048.000000 19415783253687140352.000000 
250 6 480185856.000000 3095159898112.000000 2546730795008.000000 7747656071774208.000000 5311845363613696.000000 5371133629038592.000000 21749338353967300608.000000 
251 6 555146624.000000 3206920798208.000000 2732767576064.000000 7835754977820672.000000 5625464412438528.000000 5921311960334336.000000 21340929157876416512.000000 
252 6 549599488.000000 3227315077120.000000 2602930012160.000000 7780553373777920.000000 5483660698451968.000000 5735694211219456.000000 20754330908364898304.000000 
253 6 547062912.000000 3015221182464.000000 2479627436032.000000 7071758679015424.000000 4839517072654336.000000 5116370127683584.000000 18679851533914341376.000000 
254 6 493160384.000000 3048614133760.000000 2562215378944.000000 7431700023869440.000000 5134774599417856.000000 5386038239297536.000000 20355359920086843392.000000 
255 6 541452416.000000 3114557767680.000000 2596387160064.000000 7620239961358336.000000 5344560129507328.000000 5383543937040384.000000 20945309481039822848.000000 
256 6 532340928.000000 3122281578496.000000 2521328254976.000000 7398047881363456.000000 5156768053198848.000000 5419822988918784.000000 19470706058517807104.000000 
257 6 552078208.000000 3150364278784.000000 2707575275520.000000 7533241103810560.000000 5475101365501952.000000 5903172165959680.000000 20074799737050497024.000000 
258 6 502394976.000000 3026290475008.000000 2438211567616.000000 7188044918554624.000000 4921491892207616.000000 5110125245235200.000000 19062569541310611456.000000 
259 6 525143040.000000 3095127130112.000000 2573891272704.000000 7455335228899328.000000 5216613590630400.000000 5433882027491328.000000 20071597959190413312.000000 
260 6 513749376.000000 2962768789504.000000 2546164826112.000000 6964694271131648.000000 5007245746110464.000000 5424418067054592.000000 18406768029946871808.000000 
261 6 578202752.000000 3234321399808.000000 2631547486208.000000 7936283519221760.000000 5365751498145792.000000 5515828392886272.000000 21794728392985149440.000000 
262 6 536472864.000000 3184420454400.000000 2514608193536.000000 7854575524511744.000000 5192153215008768.000000 5139361624489984.000000 21594896552683372544.000000 
263 6 502229024.000000 2951036010496.000000 2495506808832.000000 6927003785625600.000000 4893466693730304.000000 5269054604443648.000000 18290025183844499456.000000 
264 6 569050560.000000 3177335750656.000000 2612412547072.000000 7572710242648064.000000 5296655674900480.000000 5531731583041536.000000 20160381324110069760.000000 
265 6 542020288.000000 3128885510144.000000 2545079025664.000000 7562451176390656.000000 5059659379507200.000000 5310550430973952.000000 20399604267988549632.000000 
266 6 544213824.000000 3183048916992.000000 2672710909952.000000 7875970367225856.000000 5500414292131840.000000 5684751067250688.000000 21842579139025960960.000000 
267 6 557333632.000000 3159464345600.000000 2516025081856.000000 7704426689069056.000000 5162557132242944.000000 5166643793625088.000000 21091344416417775616.000000 
268 6 574488896.000000 3269478055936.000000 2624930447360.000000 7976678223511552.000000 5398459821588480.000000 5709004747571200.000000 21674916809929654272.000000 
269 6 508166208.000000 3123626901504.000000 2649676578816.000000 7785652036829184.000000 5547662153613312.000000 5597749525348352.000000 21708346361460555776.000000 
270 6 536695808.000000 3203889627136.000000 2618812792832.000000 7811968375193600.000000 5498772540882944.000000 5589153148305408.000000 21143667975760379904.000000 
271 6 575188352.000000 3215630532608.000000 2530766487552.000000 7851524487118848.000000 5138993867915264.000000 5207637645852672.000000 21447898445119488000.000000 
272 6 520832992.000000 3126631071744.000000 2372582768640.000000 7807178412916736.000000 4875031620354048.000000 4635070723784704.000000 21914581757482500096.000000 
273 6 533247040.000000 3059453001728.000000 2481125064704.000000 7255800712003584.000000 4920572769206272.000000 5163075749543936.000000 19275344832494567424.000000 
274 6 552431552.000000 3227392671744.000000 2573073645568.000000 7829549286948864.000000 5394304440729600.000000 5459788196478976.000000 21103023428928012288.000000 
275 6 545050368.000000 3205077663744.000000 2582168731648.000000 7752559850684416.000000 5289208201609216.000000 5541611618435072.000000 20808802913428176896.000000 
276 6 560924544.000000 3200813891584.000000 2516587905024.000000 7732568388534272.000000 5126385991417856.000000 5238054067372032.000000 20843171447889199104.000000 
277 6 537201728.000000 3151122399232.000000 2567463501824.000000 7553232029089792.000000 5260238647197696.000000 5466597867126784.000000 20122613099695964160.000000 
278 6 560667712.000000 3350178037760.000000 2710165782528.000000 8296159365824512.000000 5794706524995584.000000 6020291629154304.000000 22660765323672682496.000000 
279 6 516815616.000000 3009142325248.000000 2502640533504.000000 7284257554694144.000000 4996442292748288.000000 5161275084505088.000000 19834657601451196416.000000 
280 6 565952448.000000 3260304850944.000000 2643320635392.000000 7991326209474560.000000 5475604950417408.000000 5638771294863360.000000 21789949915450834944.000000 
281 6 597461504.000000 3325130702848.000000 2606984855552.000000 8164133681758208.000000 5491783555350528.000000 5443721260695552.000000 22371554183148994560.000000 
282 6 580254272.000000 3361442627584.000000 2631407239168.000000 8199992363712512.000000 5721402170671104.000000 5812014706327552.000000 22015923744214614016.000000 
283 6 538771264.000000 3097327566848.000000 2602830659584.000000 7467978538876928.000000 5239452079226880.000000 5471101140336640.000000 20154903557180489728.000000 
284 6 526391616.000000 3042571976704.000000 2596384538624.000000 7305832249163776.000000 5140838019497984.000000 5436431627452416.000000 19680668798957912064.000000 
285 6 499102624.000000 3022015168512.000000 2536826470400.000000 7156422148096000.000000 5120098696167424.000000 5447423522504704.000000 18913156906212130816.000000 
286 6 541406144.000000 3225083183104.000000 2461505683456.000000 7922183141588992.000000 5104211075268608.000000 5073335092248576.000000 21654956275839008768.000000 
287 6 527817664.000000 3155081822208.000000 2635658428416.000000 7687330571747328.000000 5413919019499520.000000 5695592101576704.000000 20891059577325355008.000000 
288 6 541768064.000000 3283978551296.000000 2424117395456.000000 8076021353938944.000000 5231501021020160.000000 5151991512694784.000000 21852984917071233024.000000 
289 6 507357344.000000 3043460644864.000000 2529890402304.000000 7398243302375424.000000 5110596081025024.000000 5375808700940288.000000 20143013438437720064.000000 
290 6 468483488.000000 3089569153024.000000 2414747058176.000000 7580177580163072.000000 5093984758136832.000000 5079637419884544.000000 20547273077645377536.000000 
291 6 539481088.000000 3219596247040.000000 2644437893120.000000 7982747549171712.000000 5514697742745600.000000 5532061221781504.000000 22044220775467057152.000000 
292 6 514739488.000000 3326684692480.000000 2440139636736.000000 8448475549138944.000000 5312768244711424.000000 5062955230035968.000000 23641118478300086272.000000 
293 6 499862688.000000 3190518448128.000000 2572403605504.000000 7832130025422848.000000 5451310467907584.000000 5634117160927232.000000 21201372545009319936.000000 
294 6 550582400.000000 3171335012352.000000 2626603974656.000000 7701948492939264.000000 5425610994221056.000000 5599449795526656.000000 20813937632729890816.000000 
295 6 545796992.000000 3319463411712.000000 2638361133056.000000 8283968101154816.000000 5619704324423680.000000 5712311335518208.000000 22819310502351470592.000000 
296 6 517217152.000000 3185807720448.000000 2468093624320.000000 7988858750763008.000000 5090101033959424.000000 4998103908220928.000000 22350014750360862720.000000 
297 6 520666496.000000 3240101937152.000000 2574043054080.000000 7945233694195712.000000 5524047349678080.000000 5601240260018176.000000 21449723634421596160.000000 
298 6 555928832.000000 3334027870208.000000 2633468739584.000000 8327605505753088.000000 5587456099352576.000000 5587018012688384.000000 23018465043490537472.000000 
299 6 505206368.000000 3200146210816.000000 2718342053888.000000 7993133853835264.000000 5783060721172480.000000 5999312324526080.000000 22162774517220376576.000000 
300 7 512726848.000000 2895813804032.000000 2633291792384.000000 6705803843076096.000000 5070888571502592.000000 5632843703123968.000000 17561959370256809984.000000 
301 7 601253376.000000 3247599779840.000000 2835070320640.000000 7765999340224512.000000 5727520351584256.000000 6227651576463360.000000 20720312018601508864.000000 
302 7 609409152.000000 3346436718592.000000 2722928001024.000000 8237270532358144.000000 5693942297264128.000000 5856016109404160.000000 22585510349821181952.000000 
303 7 584523328.000000 3287914119168.000000 2690232090624.000000 8012416109510656.000000 5574439127220224.000000 5804727220568064.000000 21738442193736040448.000000 
304 7 585736320.000000 3270058967040.000000 2685037707264.000000 7932644071309312.000000 5683709000810496.000000 5810690245787648.000000 21417868583541669888.000000 
305 7 541072768.000000 3068107948032.000000 2549182627840.000000 7347031186079744.000000 5113018442579968.000000 5280087838556160.000000 19771312537551765504.000000 
306 7 566152192.000000 3514305347584.000000 2595720003584.000000 8966859848155136.000000 5783034414497792.000000 5568999551139840.000000 24983389079349493760.000000 
307 7 628117824.000000 3292858155008.000000 2639003385856.000000 7841596133343232.000000 5327560112078848.000000 5713787193655296.000000 20878146912768753664.000000 
308 7 573748416.000000 3189540388864.000000 2559695650816.000000 7647224704008192.000000 5150367478185984.000000 5458208722255872.000000 20528686933089452032.000000 
309 7 599796928.000000 3415079649280.000000 2679312744448.000000 8499813293228032.000000 5705498980515840.000000 5729464898027520.000000 23420070461628743680.000000 
310 7 590503808.000000 3228188016640.000000 2602897506304.000000 7799398079660032.000000 5159512537300992.000000 5416836376035328.000000 21093673182045405184.000000 
311 7 550075264.000000 3208068726784.000000 2559894618112.000000 7837370422394880.000000 5213319350714368.000000 5381037823623168.000000 21324819113506242560.000000 
312 7 614843456.000000 3482030964736.000000 2606154907648.000000 8658385633280000.000000 5603817240395776.000000 5622695232274432.000000 23701886286944010240.000000 
313 7 600460416.000000 3383468752896.000000 2664303427584.000000 8367878340345856.000000 5609506998321152.000000 5684599132782592.000000 22918961440200065024.000000 
314 7 560825024.000000 3254100164608.000000 2486464151552.000000 7896406358491136.000000 5264515897753600.000000 5262137559613440.000000 21218395184030547968.000000 
315 7 565669952.000000 3024938336256.000000 2628197810176.000000 6923011613523968.000000 5112100930191360.000000 5758784492273664.000000 17789852946322685952.000000 
316 7 550924544.000000 3297930641408.000000 2702527954944.000000 8227689534062592.000000 5681045047345152.000000 5891491465527296.000000 22733959812733730816.000000 
317 7 603549568.000000 3309812318208.000000 2726863306752.000000 8131096256446464.000000 5558728136851456.000000 5834657773912064.000000 22363050560219774976.000000 
318 7 588980224.000000 3314833686528.000000 2624553222144.000000 8269235826458624.000000 5472864224411648.000000 5411693689569280.000000 23054082623160713216.000000 
319 7 591556544.000000 3227423866880.000000 2468003446784.000000 7758637766279168.000000 5023519377195008.000000 5034610056495104.000000 20832413826123038720.000000 
320 7 599593664.000000 3340084183040.000000 2654686412800.000000 8193913911246848.000000 5555851045634048.000000 5677077034434560.000000 22323197661759406080.000000 
321 7 599497984.000000 3340963676160.000000 2741982461952.000000 8206040214536192.000000 5713022152605696.000000 5989882723827712.000000 22327386801061232640.000000 
322 7 570179520.000000 3197635395584.000000 2521312526336.000000 7620535240359936.000000 5114231770841088.000000 5386888105951232.000000 20207750484057915392.000000 
323 7 570129408.000000 3153275912192.000000 2536600764416.000000 7649833359769600.000000 5039718383222784.000000 5191102558633984.000000 20880077655187128320.000000 
324 7 581705728.000000 3226074611712.000000 2706912313344.000000 7873371912011776.000000 5452572114550784.000000 5719077519622144.000000 21527780163900669952.000000 
325 7 706736128.000000 3534489387008.000000 2764949946368.000000 8633119951290368.000000 5749509510397952.000000 5885010359877632.000000 23471617765762138112.000000 
326 7 595048960.000000 3405312425984.000000 2694619070464.000000 8452614286999552.000000 5755758687813632.000000 5877776024338432.000000 23175649026774138880.000000 
327 7 548255296.000000 3121123950592.000000 2472004550656.000000 7423316784578560.000000 5011075246325760.000000 5251204183490560.000000 19698340149839527936.000000 
328 7 621819584.000000 3383915446272.000000 2703264317440.000000 8379822644396032.000000 5646721279328256.000000 5765516853510144.000000 23142074339708370944.000000 
329 7 568153792.000000 3038628020224.000000 2534465077248.000000 7017734969753600.000000 4893245502914560.000000 5408064442204160.000000 18258983771569127424.000000 
330 7 613988800.000000 3531504615424.000000 2670710226944.000000 9106416220504064.000000 5835654206324736.000000 5581250408480768.000000 25970244745743564800.000000 
331 7 526458528.000000 3073924923392.000000 2412993314816.000000 7449505884536832.000000 4794602989027328.000000 4978515099254784.000000 20291964278652534784.000000 
332 7 625381632.000000 3432444067840.000000 2789327503360.000000 8622216639938560.000000 5941780163854336.000000 6041682713772032.000000 24084993521456513024.000000 
333 7 629038080.000000 3487112101888.000000 2635055759360.000000 8630534380978176.000000 5659248625188864.000000 5625328584097792.000000 23551310368543342592.000000 
334 7 547006528.000000 3130888814592.000000 2584015011840.000000 7488656122052608.000000 5183719509852160.000000 5490030134951936.000000 19987709620037615616.000000 
335 7 602166336.000000 3463836336128.000000 2629123964928.000000 8652477368893440.000000 5678843339735040.000000 5599072375275520.000000 23820195937115963392.000000 
336 7 591052352.000000 3274355769344.000000 2507626250240.000000 7967949239353344.000000 5170463630163968.000000 5236652297420800.000000 21628227148167774208.000000 
337 7 584599616.000000 3186237374464.000000 2616119001088.000000 7598543397191680.000000 5297875445612544.000000 5618186590355456.000000 20278336931537879040.000000 
338 7 624441920.000000 3322229555200.000000 2689667432448.000000 7962482282856448.000000 5541429082324992.000000 5881027314581504.000000 21238366713237471232.000000 
339 7 583929152.000000 3278646542336.000000 2590770200576.000000 8086157476757504.000000 5500796007350272.000000 5377952963362816.000000 22249136757535670272.000000 
340 7 635847680.000000 3448879448064.000000 2623584337920.000000 8544934609027072.000000 5507601919901696.000000 5506108881895424.000000 23487338583016079360.000000 
341 7 635199360.000000 3310047985664.000000 2643614760960.000000 7966820736696320.000000 5346578227265536.000000 5558745853591552.000000 21440945133585432576.000000 
342 7 628391552.000000 3539580747776.000000 2732309610496.000000 9068824519245824.000000 5949880472174592.000000 5720851341115392.000000 25734423690841423872.000000 
343 7 606542208.000000 3421303734272.000000 2605170819072.000000 8519945952428032.000000 5613931351506944.000000 5507679766183936.000000 23469176849948475392.000000 
344 7 708391680.000000 3648543522816.000000 2844731637760.000000 9361192606760960.000000 6123103482544128.000000 6004671369969664.000000 26673820037334171648.000000 
345 7 611637568.000000 3271821361152.000000 2765493633024.000000 7956248674697216.000000 5594539037294592.000000 5988663489986560.000000 21646670356212088832.000000 
346 7 570461632.000000 3244655640576.000000 2656538460160.000000 8010604707053568.000000 5362938294566912.000000 5580570193035264.000000 22136080573921230848.000000 
347 7 623458432.000000 3422467129344.000000 2852829790208.000000 8548908527517696.000000 6000364054642688.000000 6246954770104320.000000 23709826959919808512.000000 
348 7 625174016.000000 3452139208704.000000 2754014871552.000000 8725789776281600.000000 5835445363539968.000000 5837504800358400.000000 24515054300521562112.000000 
349 7 624134144.000000 3320541085696.000000 2794587947008.000000 8098031987589120.000000 5691237541609472.000000 6107020440633344.000000 22141023978199711744.000000 