350 7 7
0 1 0.000979 0.000000 0.000000 0.000000 0.000000 0.000000 -0.000000 
1 1 0.001006 0.000000 0.000000 0.000000 0.000000 -0.000000 0.000000 
2 1 0.000974 0.000000 0.000000 0.000000 -0.000000 -0.000000 -0.000000 
3 1 0.000974 0.000000 0.000000 0.000000 0.000000 -0.000000 0.000000 
4 1 0.000969 0.000000 0.000000 0.000000 -0.000000 -0.000000 -0.000000 
5 1 0.000990 0.000000 0.000000 0.000000 0.000000 -0.000000 -0.000000 
6 1 0.001028 0.000000 0.000000 0.000000 0.000000 -0.000000 -0.000000 
7 1 0.000984 0.000000 0.000000 0.000000 0.000000 0.000000 -0.000000 
8 1 0.000994 0.000000 0.000000 0.000000 0.000000 -0.000000 0.000000 
9 1 0.001021 0.000000 0.000000 0.000000 0.000000 -0.000000 0.000000 
10 1 0.001012 0.000000 0.000000 0.000000 0.000000 -0.000000 0.000000 
11 1 0.000941 0.000000 0.000000 0.000000 0.000000 -0.000000 0.000000 
12 1 0.000987 0.000000 0.000000 0.000000 0.000000 0.000000 -0.000000 
13 1 0.000977 0.000000 0.000000 0.000000 0.000000 0.000000 -0.000000 
14 1 0.000981 0.000000 0.000000 0.000000 0.000000 -0.000000 -0.000000 
15 1 0.000989 0.000000 0.000000 0.000000 0.000000 -0.000000 0.000000 
16 1 0.000987 0.000000 0.000000 0.000000 -0.000000 0.000000 0.000000 
17 1 0.000965 0.000000 0.000000 0.000000 0.000000 0.000000 0.000000 
18 1 0.000953 0.000000 0.000000 0.000000 0.000000 0.000000 0.000000 
19 1 0.000933 0.000000 0.000000 0.000000 0.000000 -0.000000 -0.000000 
20 1 0.000966 0.000000 0.000000 0.000000 -0.000000 -0.000000 0.000000 
21 1 0.000982 0.000000 0.000000 0.000000 0.000000 -0.000000 0.000000 
22 1 0.000933 0.000000 0.000000 0.000000 -0.000000 -0.000000 -0.000000 
23 1 0.001007 0.000000 0.000000 0.000000 0.000000 -0.000000 -0.000000 
24 1 0.000971 0.000000 0.000000 0.000000 -0.000000 -0.000000 0.000000 
25 1 0.001002 0.000000 0.000000 0.000000 0.000000 -0.000000 0.000000 
26 1 0.001002 0.000000 0.000000 0.000000 0.000000 -0.000000 0.000000 
27 1 0.001001 0.000000 0.000000 0.000000 0.000000 -0.000000 -0.000000 
28 1 0.001009 0.000000 0.000000 0.000000 -0.000000 -0.000000 -0.000000 
29 1 0.000970 0.000000 0.000000 0.000000 0.000000 -0.000000 -0.000000 
30 1 0.001039 0.000000 0.000000 0.000000 -0.000000 -0.000000 0.000000 
31 1 0.001036 0.000000 0.000000 0.000000 0.000000 -0.000000 0.000000 
32 1 0.000957 0.000000 0.000000 0.000000 0.000000 -0.000000 0.000000 
33 1 0.000992 0.000000 0.000000 0.000000 0.000000 -0.000000 -0.000000 
34 1 0.001001 0.000000 0.000000 0.000000 0.000000 -0.000000 -0.000000 
35 1 0.001027 0.000000 0.000000 0.000000 0.000000 -0.000000 -0.000000 
36 1 0.000947 0.000000 0.000000 0.000000 0.000000 -0.000000 -0.000000 
37 1 0.000984 0.000000 0.000000 0.000000 -0.000000 -0.000000 -0.000000 
38 1 0.000964 0.000000 0.000000 0.000000 0.000000 0.000000 0.000000 
39 1 0.001007 0.000000 0.000000 0.000000 0.000000 -0.000000 -0.000000 
40 1 0.000959 0.000000 0.000000 0.000000 0.000000 0.000000 0.000000 
41 1 0.000993 0.000000 0.000000 0.000000 0.000000 -0.000000 -0.000000 
42 1 0.000972 0.000000 0.000000 0.000000 0.000000 0.000000 0.000000 
43 1 0.000993 0.000000 0.000000 0.000000 0.000000 -0.000000 -0.000000 
44 1 0.000999 0.000000 0.000000 0.000000 0.000000 -0.000000 -0.000000 
45 1 0.001024 0.000000 0.000000 0.000000 -0.000000 0.000000 0.000000 
46 1 0.001018 0.000000 0.000000 0.000000 0.000000 -0.000000 -0.000000 
47 1 0.000990 0.000000 0.000000 0.000000 0.000000 -0.000000 0.000000 
48 1 0.000988 0.000000 0.000000 0.000000 0.000000 -0.000000 0.000000 
49 1 0.000957 0.000000 0.000000 0.000000 0.000000 -0.000000 -0.000000 
50 2 0.000966 0.000000 0.000000 0.000000 -0.000000 0.000000 -0.000000 
51 2 0.000976 0.000000 0.000000 0.000000 -0.000000 -0.000000 -0.000000 
52 2 0.000990 0.000000 0.000000 0.000000 0.000000 -0.000000 0.000000 
53 2 0.000959 0.000000 0.000000 0.000000 0.000000 -0.000000 0.000000 
54 2 0.000979 0.000000 0.000000 0.000000 0.000000 -0.000000 -0.000000 
55 2 0.000998 0.000000 0.000000 0.000000 0.000000 -0.000000 -0.000000 
56 2 0.000943 0.000000 0.000000 0.000000 0.000000 0.000000 -0.000000 
57 2 0.000944 0.000000 0.000000 0.000000 0.000000 -0.000000 -0.000000 
58 2 0.000943 0.000000 0.000000 0.000000 0.000000 -0.000000 0.000000 
59 2 0.000973 0.000000 0.000000 0.000000 0.000000 -0.000000 -0.000000 
60 2 0.000967 0.000000 0.000000 0.000000 0.000000 -0.000000 -0.000000 
61 2 0.000984 0.000000 0.000000 0.000000 -0.000000 0.000000 0.000000 
62 2 0.000980 0.000000 0.000000 0.000000 0.000000 -0.000000 -0.000000 
63 2 0.001016 0.000000 0.000000 0.000000 0.000000 -0.000000 0.000000 
64 2 0.000983 0.000000 0.000000 0.000000 0.000000 -0.000000 0.000000 
65 2 0.000970 0.000000 0.000000 0.000000 0.000000 -0.000000 -0.000000 
66 2 0.000974 0.000000 0.000000 0.000000 0.000000 -0.000000 0.000000 
67 2 0.000965 0.000000 0.000000 0.000000 -0.000000 0.000000 0.000000 
68 2 0.000952 0.000000 0.000000 0.000000 -0.000000 0.000000 0.000000 
69 2 0.000957 0.000000 0.000000 0.000000 0.000000 -0.000000 0.000000 
70 2 0.000976 0.000000 0.000000 0.000000 -0.000000 -0.000000 0.000000 
71 2 0.001005 0.000000 0.000000 0.000000 -0.000000 0.000000 0.000000 
72 2 0.000943 0.000000 0.000000 0.000000 -0.000000 -0.000000 0.000000 
73 2 0.000950 0.000000 0.000000 0.000000 0.000000 -0.000000 0.000000 
74 2 0.000946 0.000000 0.000000 0.000000 0.000000 0.000000 -0.000000 
75 2 0.000953 0.000000 0.000000 0.000000 -0.000000 -0.000000 -0.000000 
76 2 0.000977 0.000000 0.000000 0.000000 -0.000000 -0.000000 0.000000 
77 2 0.000980 0.000000 0.000000 0.000000 -0.000000 0.000000 -0.000000 
78 2 0.000966 0.000000 0.000000 0.000000 0.000000 -0.000000 0.000000 
79 2 0.000977 0.000000 0.000000 0.000000 0.000000 -0.000000 0.000000 
80 2 0.000973 0.000000 0.000000 0.000000 -0.000000 -0.000000 -0.000000 
81 2 0.000951 0.000000 0.000000 0.000000 -0.000000 0.000000 0.000000 
82 2 0.000993 0.000000 0.000000 0.000000 -0.000000 0.000000 -0.000000 
83 2 0.000938 0.000000 0.000000 0.000000 0.000000 0.000000 -0.000000 
84 2 0.000954 0.000000 0.000000 0.000000 0.000000 -0.000000 0.000000 
85 2 0.000977 0.000000 0.000000 0.000000 -0.000000 -0.000000 -0.000000 
86 2 0.000963 0.000000 0.000000 0.000000 0.000000 -0.000000 -0.000000 
87 2 0.000958 0.000000 0.000000 0.000000 0.000000 0.000000 0.000000 
88 2 0.000949 0.000000 0.000000 0.000000 -0.000000 0.000000 -0.000000 
89 2 0.000970 0.000000 0.000000 0.000000 0.000000 -0.000000 0.000000 
90 2 0.000981 0.000000 0.000000 0.000000 -0.000000 0.000000 -0.000000 
91 2 0.000966 0.000000 0.000000 0.000000 0.000000 0.000000 0.000000 
92 2 0.000969 0.000000 0.000000 0.000000 -0.000000 0.000000 -0.000000 
93 2 0.000955 0.000000 0.000000 0.000000 0.000000 0.000000 -0.000000 
94 2 0.001035 0.000000 0.000000 0.000000 0.000000 -0.000000 -0.000000 
95 2 0.000967 0.000000 0.000000 0.000000 -0.000000 -0.000000 -0.000000 
96 2 0.001009 0.000000 0.000000 0.000000 0.000000 0.000000 0.000000 
97 2 0.000995 0.000000 0.000000 0.000000 0.000000 0.000000 0.000000 
98 2 0.000953 0.000000 0.000000 0.000000 0.000000 -0.000000 -0.000000 
99 2 0.000950 0.000000 0.000000 0.000000 0.000000 0.000000 -0.000000 
100 3 0.000936 0.000000 0.000000 0.000000 0.000000 0.000000 0.000000 
101 3 0.000971 0.000000 0.000000 0.000000 0.000000 0.000000 -0.000000 
102 3 0.000964 0.000000 0.000000 0.000000 0.000000 -0.000000 -0.000000 
103 3 0.000997 0.000000 0.000000 0.000000 0.000000 -0.000000 0.000000 
104 3 0.000972 0.000000 0.000000 0.000000 0.000000 -0.000000 0.000000 
105 3 0.000963 0.000000 0.000000 0.000000 0.000000 0.000000 -0.000000 
106 3 0.000957 0.000000 0.000000 0.000000 0.000000 0.000000 0.000000 
107 3 0.000965 0.000000 0.000000 0.000000 0.000000 0.000000 -0.000000 
108 3 0.000963 0.000000 0.000000 0.000000 0.000000 -0.000000 -0.000000 
109 3 0.000931 0.000000 0.000000 0.000000 0.000000 -0.000000 -0.000000 
110 3 0.000954 0.000000 0.000000 0.000000 0.000000 -0.000000 0.000000 
111 3 0.000963 0.000000 0.000000 0.000000 0.000000 -0.000000 0.000000 
112 3 0.000988 0.000000 0.000000 0.000000 0.000000 -0.000000 -0.000000 
113 3 0.000951 0.000000 0.000000 0.000000 0.000000 0.000000 -0.000000 
114 3 0.000966 0.000000 0.000000 0.000000 0.000000 -0.000000 -0.000000 
115 3 0.000974 0.000000 0.000000 0.000000 0.000000 -0.000000 -0.000000 
116 3 0.000976 0.000000 0.000000 0.000000 0.000000 -0.000000 0.000000 
117 3 0.000927 0.000000 0.000000 0.000000 0.000000 0.000000 -0.000000 
118 3 0.000944 0.000000 0.000000 0.000000 0.000000 0.000000 0.000000 
119 3 0.000972 0.000000 0.000000 0.000000 0.000000 -0.000000 0.000000 
120 3 0.000996 0.000000 0.000000 0.000000 0.000000 -0.000000 0.000000 
121 3 0.000965 0.000000 0.000000 0.000000 0.000000 -0.000000 -0.000000 
122 3 0.000981 0.000000 0.000000 0.000000 0.000000 -0.000000 -0.000000 
123 3 0.000992 0.000000 0.000000 0.000000 0.000000 -0.000000 -0.000000 
124 3 0.000962 0.000000 0.000000 0.000000 0.000000 0.000000 0.000000 
125 3 0.000971 0.000000 0.000000 0.000000 0.000000 -0.000000 -0.000000 
126 3 0.000972 0.000000 0.000000 0.000000 0.000000 -0.000000 0.000000 
127 3 0.000952 0.000000 0.000000 0.000000 -0.000000 -0.000000 -0.000000 
128 3 0.001012 0.000000 0.000000 0.000000 0.000000 -0.000000 0.000000 
129 3 0.000968 0.000000 0.000000 0.000000 0.000000 -0.000000 0.000000 
130 3 0.001012 0.000000 0.000000 0.000000 0.000000 -0.000000 -0.000000 
131 3 0.000952 0.000000 0.000000 0.000000 0.000000 -0.000000 -0.000000 
132 3 0.000959 0.000000 0.000000 0.000000 -0.000000 -0.000000 0.000000 
133 3 0.000954 0.000000 0.000000 0.000000 0.000000 -0.000000 -0.000000 
134 3 0.000964 0.000000 0.000000 0.000000 0.000000 0.000000 -0.000000 
135 3 0.001031 0.000000 0.000000 0.000000 0.000000 -0.000000 -0.000000 
136 3 0.000995 0.000000 0.000000 0.000000 0.000000 -0.000000 0.000000 
137 3 0.000988 0.000000 0.000000 0.000000 0.000000 -0.000000 0.000000 
138 3 0.000973 0.000000 0.000000 0.000000 -0.000000 0.000000 0.000000 
139 3 0.000984 0.000000 0.000000 0.000000 0.000000 -0.000000 -0.000000 
140 3 0.001003 0.000000 0.000000 0.000000 0.000000 -0.000000 -0.000000 
141 3 0.000988 0.000000 0.000000 0.000000 0.000000 -0.000000 0.000000 
142 3 0.000969 0.000000 0.000000 0.000000 0.000000 0.000000 0.000000 
143 3 0.000980 0.000000 0.000000 0.000000 0.000000 -0.000000 0.000000 
144 3 0.001002 0.000000 0.000000 0.000000 0.000000 -0.000000 0.000000 
145 3 0.000958 0.000000 0.000000 0.000000 0.000000 -0.000000 -0.000000 
146 3 0.000974 0.000000 0.000000 0.000000 0.000000 -0.000000 -0.000000 
147 3 0.000953 0.000000 0.000000 0.000000 0.000000 -0.000000 -0.000000 
148 3 0.000985 0.000000 0.000000 0.000000 -0.000000 0.000000 0.000000 
149 3 0.000947 0.000000 0.000000 0.000000 0.000000 0.000000 -0.000000 
150 4 0.000963 0.000000 0.000000 0.000000 0.000000 0.000000 0.000000 
151 4 0.000975 0.000000 0.000000 0.000000 -0.000000 -0.000000 -0.000000 
152 4 0.000968 0.000000 0.000000 0.000000 0.000000 -0.000000 -0.000000 
153 4 0.001003 0.000000 0.000000 0.000000 0.000000 -0.000000 -0.000000 
154 4 0.000958 0.000000 0.000000 0.000000 0.000000 -0.000000 -0.000000 
155 4 0.000941 0.000000 0.000000 0.000000 0.000000 0.000000 -0.000000 
156 4 0.000964 0.000000 0.000000 0.000000 0.000000 0.000000 -0.000000 
157 4 0.000969 0.000000 0.000000 0.000000 0.000000 0.000000 0.000000 
158 4 0.000951 0.000000 0.000000 0.000000 0.000000 0.000000 -0.000000 
159 4 0.000941 0.000000 0.000000 0.000000 0.000000 0.000000 -0.000000 
160 4 0.000962 0.000000 0.000000 0.000000 0.000000 -0.000000 -0.000000 
161 4 0.000977 0.000000 0.000000 0.000000 0.000000 0.000000 0.000000 
162 4 0.000984 0.000000 0.000000 0.000000 0.000000 -0.000000 -0.000000 
163 4 0.000986 0.000000 0.000000 0.000000 0.000000 0.000000 -0.000000 
164 4 0.000964 0.000000 0.000000 0.000000 0.000000 0.000000 0.000000 
165 4 0.000964 0.000000 0.000000 0.000000 0.000000 0.000000 0.000000 
166 4 0.000974 0.000000 0.000000 0.000000 -0.000000 -0.000000 -0.000000 
167 4 0.000983 0.000000 0.000000 0.000000 0.000000 -0.000000 -0.000000 
168 4 0.000965 0.000000 0.000000 0.000000 0.000000 -0.000000 -0.000000 
169 4 0.000984 0.000000 0.000000 0.000000 0.000000 -0.000000 -0.000000 
170 4 0.001016 0.000000 0.000000 0.000000 -0.000000 -0.000000 -0.000000 
171 4 0.000980 0.000000 0.000000 0.000000 0.000000 -0.000000 -0.000000 
172 4 0.000958 0.000000 0.000000 0.000000 0.000000 -0.000000 -0.000000 
173 4 0.000965 0.000000 0.000000 0.000000 0.000000 0.000000 -0.000000 
174 4 0.000985 0.000000 0.000000 0.000000 0.000000 0.000000 0.000000 
175 4 0.000959 0.000000 0.000000 0.000000 0.000000 0.000000 -0.000000 
176 4 0.000945 0.000000 0.000000 0.000000 0.000000 0.000000 -0.000000 
177 4 0.000955 0.000000 0.000000 0.000000 0.000000 0.000000 -0.000000 
178 4 0.000944 0.000000 0.000000 0.000000 0.000000 0.000000 0.000000 
179 4 0.000940 0.000000 0.000000 0.000000 0.000000 0.000000 -0.000000 
180 4 0.000924 0.000000 0.000000 0.000000 -0.000000 -0.000000 0.000000 
181 4 0.000960 0.000000 0.000000 0.000000 -0.000000 -0.000000 -0.000000 
182 4 0.000963 0.000000 0.000000 0.000000 0.000000 0.000000 0.000000 
183 4 0.000946 0.000000 0.000000 0.000000 0.000000 0.000000 -0.000000 
184 4 0.000943 0.000000 0.000000 0.000000 -0.000000 -0.000000 0.000000 
185 4 0.000960 0.000000 0.000000 0.000000 0.000000 -0.000000 -0.000000 
186 4 0.000974 0.000000 0.000000 0.000000 0.000000 -0.000000 -0.000000 
187 4 0.000949 0.000000 0.000000 0.000000 0.000000 -0.000000 -0.000000 
188 4 0.000964 0.000000 0.000000 0.000000 0.000000 0.000000 0.000000 
189 4 0.000941 0.000000 0.000000 0.000000 0.000000 0.000000 -0.000000 
190 4 0.000950 0.000000 0.000000 0.000000 0.000000 -0.000000 -0.000000 
191 4 0.000920 0.000000 0.000000 0.000000 -0.000000 -0.000000 0.000000 
192 4 0.000956 0.000000 0.000000 0.000000 0.000000 -0.000000 0.000000 
193 4 0.000991 0.000000 0.000000 0.000000 0.000000 -0.000000 -0.000000 
194 4 0.000947 0.000000 0.000000 0.000000 -0.000000 -0.000000 -0.000000 
195 4 0.000958 0.000000 0.000000 0.000000 0.000000 -0.000000 -0.000000 
196 4 0.000975 0.000000 0.000000 0.000000 0.000000 -0.000000 -0.000000 
197 4 0.000951 0.000000 0.000000 0.000000 0.000000 -0.000000 -0.000000 
198 4 0.000943 0.000000 0.000000 0.000000 0.000000 0.000000 0.000000 
199 4 0.000957 0.000000 0.000000 0.000000 0.000000 -0.000000 -0.000000 
200 5 0.000977 0.000000 0.000000 0.000000 0.000000 -0.000000 0.000000 
201 5 0.000951 0.000000 0.000000 0.000000 0.000000 -0.000000 0.000000 
202 5 0.000951 0.000000 0.000000 0.000000 0.000000 -0.000000 -0.000000 
203 5 0.000936 0.000000 0.000000 0.000000 0.000000 0.000000 -0.000000 
204 5 0.000971 0.000000 0.000000 0.000000 0.000000 -0.000000 -0.000000 
205 5 0.000984 0.000000 0.000000 0.000000 0.000000 -0.000000 -0.000000 
206 5 0.000966 0.000000 0.000000 0.000000 0.000000 -0.000000 -0.000000 
207 5 0.000970 0.000000 0.000000 0.000000 0.000000 0.000000 -0.000000 
208 5 0.000965 0.000000 0.000000 0.000000 0.000000 -0.000000 -0.000000 
209 5 0.000938 0.000000 0.000000 0.000000 -0.000000 -0.000000 0.000000 
210 5 0.000960 0.000000 0.000000 0.000000 0.000000 -0.000000 0.000000 
211 5 0.000966 0.000000 0.000000 0.000000 0.000000 -0.000000 -0.000000 
212 5 0.000975 0.000000 0.000000 0.000000 -0.000000 -0.000000 0.000000 
213 5 0.000976 0.000000 0.000000 0.000000 0.000000 -0.000000 -0.000000 
214 5 0.000956 0.000000 0.000000 0.000000 0.000000 0.000000 -0.000000 
215 5 0.000954 0.000000 0.000000 0.000000 -0.000000 -0.000000 -0.000000 
216 5 0.000971 0.000000 0.000000 0.000000 0.000000 -0.000000 -0.000000 
217 5 0.000948 0.000000 0.000000 0.000000 0.000000 -0.000000 -0.000000 
218 5 0.001002 0.000000 0.000000 0.000000 0.000000 -0.000000 -0.000000 
219 5 0.000948 0.000000 0.000000 0.000000 0.000000 -0.000000 0.000000 
220 5 0.000957 0.000000 0.000000 0.000000 0.000000 -0.000000 -0.000000 
221 5 0.000982 0.000000 0.000000 0.000000 0.000000 -0.000000 -0.000000 
222 5 0.000939 0.000000 0.000000 0.000000 0.000000 0.000000 -0.000000 
223 5 0.000962 0.000000 0.000000 0.000000 -0.000000 0.000000 -0.000000 
224 5 0.000944 0.000000 0.000000 0.000000 -0.000000 -0.000000 0.000000 
225 5 0.000984 0.000000 0.000000 0.000000 0.000000 0.000000 0.000000 
226 5 0.000973 0.000000 0.000000 0.000000 0.000000 0.000000 -0.000000 
227 5 0.001030 0.000000 0.000000 0.000000 -0.000000 -0.000000 -0.000000 
228 5 0.000963 0.000000 0.000000 0.000000 0.000000 0.000000 -0.000000 
229 5 0.000986 0.000000 0.000000 0.000000 0.000000 -0.000000 -0.000000 
230 5 0.001015 0.000000 0.000000 0.000000 0.000000 -0.000000 -0.000000 
231 5 0.000978 0.000000 0.000000 0.000000 0.000000 -0.000000 -0.000000 
232 5 0.000992 0.000000 0.000000 0.000000 0.000000 -0.000000 -0.000000 
233 5 0.000976 0.000000 0.000000 0.000000 0.000000 -0.000000 -0.000000 
234 5 0.000980 0.000000 0.000000 0.000000 0.000000 -0.000000 -0.000000 
235 5 0.000947 0.000000 0.000000 0.000000 0.000000 -0.000000 -0.000000 
236 5 0.001028 0.000000 0.000000 0.000000 0.000000 -0.000000 -0.000000 
237 5 0.000970 0.000000 0.000000 0.000000 0.000000 0.000000 -0.000000 
238 5 0.000956 0.000000 0.000000 0.000000 0.000000 -0.000000 -0.000000 
239 5 0.000989 0.000000 0.000000 0.000000 0.000000 -0.000000 -0.000000 
240 5 0.000996 0.000000 0.000000 0.000000 0.000000 -0.000000 0.000000 
241 5 0.000979 0.000000 0.000000 0.000000 0.000000 -0.000000 -0.000000 
242 5 0.000969 0.000000 0.000000 0.000000 0.000000 -0.000000 -0.000000 
243 5 0.000956 0.000000 0.000000 0.000000 -0.000000 0.000000 0.000000 
244 5 0.000957 0.000000 0.000000 0.000000 0.000000 0.000000 0.000000 
245 5 0.000964 0.000000 0.000000 0.000000 0.000000 -0.000000 0.000000 
246 5 0.000953 0.000000 0.000000 0.000000 0.000000 0.000000 0.000000 
247 5 0.000985 0.000000 0.000000 0.000000 0.000000 -0.000000 0.000000 
248 5 0.000957 0.000000 0.000000 0.000000 0.000000 -0.000000 -0.000000 
249 5 0.000956 0.000000 0.000000 0.000000 0.000000 -0.000000 -0.000000 
250 6 0.001034 0.000000 0.000000 0.000000 0.000000 0.000000 0.000000 
251 6 0.000968 0.000000 0.000000 0.000000 0.000000 0.000000 -0.000000 
252 6 0.001009 0.000000 0.000000 0.000000 0.000000 -0.000000 0.000000 
253 6 0.000976 0.000000 0.000000 0.000000 0.000000 0.000000 -0.000000 
254 6 0.000985 0.000000 0.000000 0.000000 0.000000 0.000000 -0.000000 
255 6 0.000984 0.000000 0.000000 0.000000 0.000000 0.000000 0.000000 
256 6 0.000983 0.000000 0.000000 0.000000 0.000000 -0.000000 -0.000000 
257 6 0.000962 0.000000 0.000000 0.000000 -0.000000 -0.000000 -0.000000 
258 6 0.000995 0.000000 0.000000 0.000000 -0.000000 -0.000000 -0.000000 
259 6 0.000973 0.000000 0.000000 0.000000 0.000000 0.000000 -0.000000 
260 6 0.001007 0.000000 0.000000 0.000000 0.000000 0.000000 -0.000000 
261 6 0.000978 0.000000 0.000000 0.000000 -0.000000 0.000000 -0.000000 
262 6 0.000965 0.000000 0.000000 0.000000 -0.000000 0.000000 -0.000000 
263 6 0.000999 0.000000 0.000000 0.000000 0.000000 0.000000 0.000000 
264 6 0.000943 0.000000 0.000000 0.000000 0.000000 -0.000000 -0.000000 
265 6 0.000977 0.000000 0.000000 0.000000 -0.000000 0.000000 0.000000 
266 6 0.000995 0.000000 0.000000 0.000000 0.000000 0.000000 0.000000 
267 6 0.000988 0.000000 0.000000 0.000000 0.000000 0.000000 -0.000000 
268 6 0.001017 0.000000 0.000000 0.000000 0.000000 -0.000000 0.000000 
269 6 0.000993 0.000000 0.000000 0.000000 0.000000 0.000000 -0.000000 
270 6 0.000956 0.000000 0.000000 0.000000 0.000000 -0.000000 -0.000000 
271 6 0.000979 0.000000 0.000000 0.000000 0.000000 0.000000 -0.000000 
272 6 0.001000 0.000000 0.000000 0.000000 -0.000000 0.000000 -0.000000 
273 6 0.000978 0.000000 0.000000 0.000000 0.000000 0.000000 -0.000000 
274 6 0.000961 0.000000 0.000000 0.000000 -0.000000 0.000000 -0.000000 
275 6 0.000976 0.000000 0.000000 0.000000 -0.000000 -0.000000 -0.000000 
276 6 0.000964 0.000000 0.000000 0.000000 0.000000 -0.000000 -0.000000 
277 6 0.000962 0.000000 0.000000 0.000000 0.000000 -0.000000 -0.000000 
278 6 0.000993 0.000000 0.000000 0.000000 0.000000 -0.000000 0.000000 
279 6 0.001020 0.000000 0.000000 0.000000 0.000000 0.000000 -0.000000 
280 6 0.000971 0.000000 0.000000 0.000000 0.000000 0.000000 -0.000000 
281 6 0.000953 0.000000 0.000000 0.000000 0.000000 0.000000 -0.000000 
282 6 0.000993 0.000000 0.000000 0.000000 0.000000 -0.000000 0.000000 
283 6 0.000972 0.000000 0.000000 0.000000 0.000000 0.000000 -0.000000 
284 6 0.000970 0.000000 0.000000 0.000000 0.000000 0.000000 -0.000000 
285 6 0.000987 0.000000 0.000000 0.000000 0.000000 -0.000000 -0.000000 
286 6 0.000975 0.000000 0.000000 0.000000 -0.000000 -0.000000 -0.000000 
287 6 0.000994 0.000000 0.000000 0.000000 0.000000 0.000000 0.000000 
288 6 0.001019 0.000000 0.000000 0.000000 -0.000000 0.000000 0.000000 
289 6 0.001049 0.000000 0.000000 0.000000 0.000000 0.000000 0.000000 
290 6 0.001015 0.000000 0.000000 0.000000 -0.000000 -0.000000 -0.000000 
291 6 0.000945 0.000000 0.000000 0.000000 0.000000 0.000000 -0.000000 
292 6 0.000991 0.000000 0.000000 0.000000 -0.000000 -0.000000 -0.000000 
293 6 0.001008 0.000000 0.000000 0.000000 0.000000 -0.000000 0.000000 
294 6 0.000984 0.000000 0.000000 0.000000 -0.000000 0.000000 -0.000000 
295 6 0.000990 0.000000 0.000000 0.000000 0.000000 0.000000 -0.000000 
296 6 0.000992 0.000000 0.000000 0.000000 -0.000000 0.000000 -0.000000 
297 6 0.000988 0.000000 0.000000 0.000000 0.000000 -0.000000 -0.000000 
298 6 0.000956 0.000000 0.000000 0.000000 0.000000 0.000000 -0.000000 
299 6 0.001006 0.000000 0.000000 0.000000 -0.000000 -0.000000 0.000000 
300 7 0.000966 0.000000 0.000000 0.000000 0.000000 0.000000 0.000000 
301 7 0.000931 0.000000 0.000000 0.000000 0.000000 -0.000000 0.000000 
302 7 0.000976 0.000000 0.000000 0.000000 0.000000 -0.000000 0.000000 
303 7 0.000967 0.000000 0.000000 0.000000 0.000000 -0.000000 -0.000000 
304 7 0.000976 0.000000 0.000000 0.000000 -0.000000 -0.000000 0.000000 
305 7 0.000969 0.000000 0.000000 0.000000 0.000000 0.000000 -0.000000 
306 7 0.000957 0.000000 0.000000 0.000000 0.000000 0.000000 0.000000 
307 7 0.000988 0.000000 0.000000 0.000000 0.000000 -0.000000 -0.000000 
308 7 0.001000 0.000000 0.000000 0.000000 0.000000 -0.000000 0.000000 
309 7 0.000958 0.000000 0.000000 0.000000 0.000000 -0.000000 -0.000000 
310 7 0.000950 0.000000 0.000000 0.000000 0.000000 0.000000 -0.000000 
311 7 0.000979 0.000000 0.000000 0.000000 -0.000000 0.000000 -0.000000 
312 7 0.000984 0.000000 0.000000 0.000000 -0.000000 -0.000000 0.000000 
313 7 0.000962 0.000000 0.000000 0.000000 -0.000000 -0.000000 -0.000000 
314 7 0.000991 0.000000 0.000000 0.000000 -0.000000 -0.000000 -0.000000 
315 7 0.000990 0.000000 0.000000 0.000000 0.000000 -0.000000 -0.000000 
316 7 0.000997 0.000000 0.000000 0.000000 0.000000 0.000000 0.000000 
317 7 0.000971 0.000000 0.000000 0.000000 0.000000 0.000000 -0.000000 
318 7 0.000963 0.000000 0.000000 0.000000 0.000000 0.000000 0.000000 
319 7 0.000956 0.000000 0.000000 0.000000 0.000000 0.000000 -0.000000 
320 7 0.000974 0.000000 0.000000 0.000000 0.000000 -0.000000 -0.000000 
321 7 0.000984 0.000000 0.000000 0.000000 0.000000 0.000000 0.000000 
322 7 0.000992 0.000000 0.000000 0.000000 -0.000000 -0.000000 -0.000000 
323 7 0.000978 0.000000 0.000000 0.000000 0.000000 0.000000 -0.000000 
324 7 0.000951 0.000000 0.000000 0.000000 0.000000 0.000000 -0.000000 
325 7 0.000934 0.000000 0.000000 0.000000 0.000000 -0.000000 -0.000000 
326 7 0.000986 0.000000 0.000000 0.000000 0.000000 -0.000000 0.000000 
327 7 0.001016 0.000000 0.000000 0.000000 0.000000 -0.000000 -0.000000 
328 7 0.000980 0.000000 0.000000 0.000000 0.000000 0.000000 -0.000000 
329 7 0.000993 0.000000 0.000000 0.000000 0.000000 -0.000000 -0.000000 
330 7 0.000976 0.000000 0.000000 0.000000 0.000000 0.000000 -0.000000 
331 7 0.001040 0.000000 0.000000 0.000000 0.000000 0.000000 -0.000000 
332 7 0.000995 0.000000 0.000000 0.000000 -0.000000 -0.000000 0.000000 
333 7 0.000953 0.000000 0.000000 0.000000 -0.000000 -0.000000 -0.000000 
334 7 0.000972 0.000000 0.000000 0.000000 0.000000 -0.000000 -0.000000 
335 7 0.000954 0.000000 0.000000 0.000000 0.000000 -0.000000 -0.000000 
336 7 0.000993 0.000000 0.000000 0.000000 -0.000000 -0.000000 -0.000000 
337 7 0.000992 0.000000 0.000000 0.000000 0.000000 -0.000000 0.000000 
338 7 0.000984 0.000000 0.000000 0.000000 0.000000 -0.000000 -0.000000 
339 7 0.000973 0.000000 0.000000 0.000000 0.000000 0.000000 -0.000000 
340 7 0.000961 0.000000 0.000000 0.000000 -0.000000 -0.000000 -0.000000 
341 7 0.000954 0.000000 0.000000 0.000000 0.000000 -0.000000 -0.000000 
342 7 0.000947 0.000000 0.000000 0.000000 0.000000 0.000000 0.000000 
343 7 0.000975 0.000000 0.000000 0.000000 -0.000000 0.000000 -0.000000 
344 7 0.000972 0.000000 0.000000 0.000000 -0.000000 -0.000000 -0.000000 
345 7 0.000985 0.000000 0.000000 0.000000 0.000000 0.000000 -0.000000 
346 7 0.000971 0.000000 0.000000 0.000000 0.000000 0.000000 -0.000000 
347 7 0.000974 0.000000 0.000000 0.000000 0.000000 0.000000 0.000000 
348 7 0.000971 0.000000 0.000000 0.000000 0.000000 0.000000 0.000000 
349 7 0.000989 0.000000 0.000000 0.000000 0.000000 0.000000 0.000000 